15000
33 36 27 -35 43 -15 36 42 -1 -29 12 -23 40 9 13 -24 -10 -24 22 -14
-39 18 17 -21 32 -20 12 -27 17 -15 -21 -48 -28 8 19 17 43 6 -39 -8
-21 23 -29 -31 34 -13 48 -26 -35 20 -37 -24 41 30 6 23 12 20 46 31
-45 -25 34 -23 -14 -45 -4 -21 -37 7 -26 45 32 -5 -36 17 -16 14 -7 0
37 -42 26 28 38 34 -47 1 4 49 -18 10 26 18 -11 -38 -24 36 44 -11
45 20 -16 28 17 -49 47 -48 -33 42 2 6 -49 30 36 -9 15 39 -6 -31
-10 -21 -19 -33 47 21 31 25 -41 -23 17 6 47 3 36 15 -44 33 -31 -26
-22 21 -18 -21 -47 -31 20 18 -42 -35 -10 -1 46 -27 -32 -5 -4 1 -29 5
29 38 14 -22 -9 0 43 -50 -16 14 -26 -36 37 6 -7 41 -23 15 9 -14
-18 1 -13 -22 25 -43 24 -29 8 45 -21 -13 -15 43 -32 -22 -7 -39 -22 -21
26 -46 -7 13 -37 -12 -44 -10 -46 -32 -22 38 19 -33 -33 46 -26 -7 20 33
40 49 22 -25 -6 40 -45 -11 4 36 19 32 -8 14 47 -43 5 -46 -2 -39
-28 -22 49 -7 -4 18 -10 -28 -39 -40 -45 -49 11 -20 28 -45 -30 -14 -6 -24
-28 15 -42 -34 32 8 -26 -13 12 -26 -50 -14 2 49 29 0 18 21 23 -19
31 -20 -17 44 10 13 49 31 49 46 9 23 -37 18 40 45 -24 16 34 -10
40 34 26 -8 -14 -43 -5 6 29 -32 37 -38 -2 22 9 -41 -14 -40 -8 37
-44 -49 -37 22 -29 5 -31 49 -29 -46 -11 -39 -10 17 -45 -22 -23 0 34 8
-30 -26 -28 19 46 31 -20 34 42 22 22 0 -25 35 -28 49 -10 -8 48 -37
48 40 -26 40 -41 31 -31 -14 -18 5 44 -46 29 19 23 26 0 5 10 -8
29 34 43 -45 -29 17 -46 -37 11 4 -24 9 -6 -48 -48 -44 34 -29 -8 18
-22 39 22 -42 8 48 -14 -42 3 -2 -47 -17 -17 -2 40 4 17 -4 18 -21
-50 -4 38 47 -1 40 -47 -17 13 47 3 42 36 -25 2 46 25 38 7 -21
-14 10 -36 -29 10 -46 -22 -23 0 -2 6 -48 44 47 49 -7 -11 -48 -22 -47
-50 31 -3 -12 9 1 -15 -16 -11 42 -35 -23 -46 -21 -1 14 35 -21 -7 -15
27 -50 -12 21 -1 39 17 38 42 45 -7 -6 -21 40 32 -10 -9 19 -24 -18
11 -8 10 -33 -27 11 31 -41 40 -25 46 17 27 -16 40 -24 -26 7 -36 18
-45 8 -38 36 -50 -4 -24 44 -34 2 28 -21 -4 40 -3 20 1 30 -19 43
7 -23 -38 36 -36 5 -38 40 -38 29 -40 19 39 24 5 -9 -30 -17 37 38
-12 16 20 34 6 -33 -44 10 -1 -13 -45 9 -33 -32 -5 33 23 8 23 -13
39 33 -43 28 7 -36 21 -21 -50 9 -32 -12 -25 38 24 -17 7 31 43 8
20 49 -33 -11 19 13 -28 44 23 -3 -19 12 32 40 42 41 7 -35 -29 7
24 41 -3 1 -19 -29 -13 -10 4 -20 48 -25 31 -34 -34 -48 -19 -11 46 -46
-12 30 -32 -29 20 12 -38 29 27 35 -14 -46 26 33 -43 9 7 -6 49 -39
-23 0 -14 10 -32 -45 13 -1 -6 -39 -45 -16 41 25 5 -36 39 18 43 -32
-45 32 -28 32 -33 -20 43 24 -24 43 36 3 -7 24 -36 -37 29 27 12 25
38 -31 -40 -18 44 -33 -4 -15 -13 41 3 -7 23 -22 -25 41 -40 -32 -33 -14
13 5 40 8 -20 -46 21 11 -17 35 39 23 -46 1 -45 0 18 -47 35 -44
45 -11 -1 -30 17 -24 13 27 46 31 15 10 -14 5 20 -32 -39 -8 -18 46
29 -29 20 34 22 -23 -16 -10 33 22 48 -20 13 -3 0 -20 23 -36 9 -28
-3 -26 32 -15 -18 -46 4 -7 48 36 -10 28 9 12 12 33 -9 -2 -27 -26
22 -28 4 -15 -29 7 15 -3 21 26 19 -32 -49 -47 3 -17 -43 9 -22 -44
47 -30 34 -42 -16 48 41 26 48 -35 2 21 39 9 -44 -40 -34 -26 -41 -11
-50 28 -41 3 31 -36 -12 39 -24 17 -3 -27 37 -19 -18 -28 31 25 0 29
40 4 0 -19 -37 7 44 31 31 -47 -30 -17 32 31 37 -35 46 -25 -46 -28
42 1 47 -18 -16 31 -44 -35 7 -42 45 49 12 47 33 26 4 27 -41 37
-18 32 -29 16 13 10 32 -39 35 36 35 -20 40 33 -36 26 -34 -30 42 -25
-22 -11 -25 40 -14 10 -32 -7 -13 -22 32 -29 -40 5 38 -25 -35 20 -13 3
-42 -28 33 0 7 47 -23 -24 19 21 1 -1 -40 -22 -11 48 38 -40 43 27
40 26 49 2 -19 37 27 49 7 16 2 -33 -9 -15 18 48 34 45 26 -45
16 -22 4 -22 -42 43 28 47 5 22 24 -5 -50 -25 47 33 -38 -23 32 -29
43 -16 -11 -16 -29 9 35 7 4 11 12 22 -9 -34 2 0 12 32 49 -33
4 23 -35 -44 1 14 40 13 41 22 -13 -13 9 -22 21 30 37 6 40 -9
20 2 15 -39 19 -33 11 33 1 -38 -50 -44 -12 17 14 39 -18 4 -46 25
29 -9 -38 -12 19 -14 20 6 -6 10 -1 -36 15 -36 -24 36 33 -11 19 -15
2 -29 43 40 39 -41 -19 23 14 -15 -2 45 27 -37 -17 48 -1 5 5 43
18 6 10 -17 -27 36 21 8 27 -10 -5 31 11 40 -27 0 -50 4 25 14
-8 -26 9 -31 39 -6 19 -12 1 26 33 -31 -17 -7 -46 6 31 25 16 -39
17 -38 42 -21 -48 18 -19 -48 24 -43 -32 -34 33 27 37 22 23 7 12 -25
-17 47 46 -32 -9 3 -24 24 30 43 35 -2 -45 -20 -21 9 48 10 12 -26
-31 30 -9 -48 -40 30 -24 33 39 -10 -42 -27 -12 7 43 -19 -40 -30 -45 40
-37 41 -12 20 -29 17 -21 21 30 -7 45 49 -26 38 4 36 19 -18 19 -40
23 -20 -17 13 37 29 44 -1 49 1 -11 14 -8 -20 36 -35 -1 -35 36 31
-39 -16 -17 37 -28 37 23 -7 -31 -8 4 -6 -26 -11 9 13 -32 3 -38 19
-45 -46 -17 49 -16 -31 -35 -15 37 3 19 0 37 -48 -13 12 39 -40 -45 10
-46 -39 7 -21 -47 -34 42 -29 -28 -45 -7 29 11 -22 28 -3 -50 -5 32 37
49 1 39 36 3 -24 -2 44 -14 -44 -43 42 -33 14 -29 -30 30 16 44 4
-27 -13 -17 34 -33 -38 -19 -33 -41 15 6 -42 19 -5 45 -28 21 45 19 9
-49 26 2 21 -10 -25 -7 22 41 39 -23 16 28 -38 0 46 -26 -17 -37 36
49 20 44 18 -35 -9 -8 -11 -13 13 48 40 -11 -48 -37 -19 -22 7 -46 21
-4 33 -12 -25 45 -10 -29 22 -24 -16 8 -25 6 2 -5 22 -4 -11 -39 33
-47 11 -25 -8 -34 -11 24 -6 46 -20 17 44 -37 7 -31 10 0 42 -18 26
29 40 3 -15 45 48 -43 -9 -13 20 26 -10 34 -49 33 -50 42 -41 46 -10
-11 13 -15 -46 23 -44 14 -27 1 -1 1 -20 -11 -46 15 36 -48 -25 29 41
-3 -43 34 -19 11 -31 -19 3 -22 -23 44 -31 -7 31 -27 18 37 -11 -7 -12
38 44 -30 30 48 36 -32 2 13 48 45 -40 -45 29 -8 16 48 -25 22 28
3 16 47 -2 -3 22 -34 36 -38 9 27 -50 3 47 -18 -47 -15 1 -43 48
-1 4 11 -44 -16 -47 -25 34 -22 47 13 -17 -35 10 31 -36 35 47 -50 47
-42 -21 -1 -37 29 -16 -34 -36 35 25 15 36 -20 -24 42 -34 -21 19 2 -41
16 -35 45 -17 -22 26 -3 -37 -24 -50 12 36 -21 13 -50 -42 47 -34 25 32
-6 -10 -30 -24 -32 15 44 49 -16 -4 -42 3 12 -47 36 -8 -18 -16 -43 -40
-16 19 46 -35 34 46 -26 32 15 1 -34 11 -7 -13 37 11 -48 31 10 38
29 -30 -9 43 -26 -22 -15 -42 12 -8 20 46 13 16 -39 -50 -35 37 -16 -18
40 0 43 -17 -11 30 44 43 -37 4 32 -6 25 -27 -12 1 1 23 -39 15
18 31 -37 33 49 27 -15 -36 14 19 -4 -43 22 41 -10 -39 -27 37 7 -14
43 -11 31 -30 -36 21 21 -32 46 -16 33 14 17 47 -50 17 24 -15 -17 40
7 -18 -1 -21 -27 40 42 -3 -21 -1 -15 -28 -10 18 -7 5 -11 16 -25 -14
3 10 2 -30 7 -46 37 33 -10 -29 -24 47 -45 -23 28 -22 19 20 -23 48
-30 13 -29 10 33 -34 17 -27 32 42 -39 -15 3 13 -42 12 18 45 48 10
18 26 -41 23 -47 37 4 23 7 31 -27 -21 46 -6 -8 30 -38 -41 5 -3
4 16 -16 9 31 -8 23 -49 -12 21 -37 8 49 -28 34 5 11 40 30 21
-27 -47 -50 -30 -50 -8 2 -38 -46 -43 9 8 -25 44 -33 8 -14 40 10 -24
-36 23 -13 15 -2 -29 -30 -41 13 -50 -18 36 -46 -17 8 6 -23 -40 18 -19
19 -22 -9 -4 24 8 -45 -40 -49 15 39 17 40 -24 -18 -12 49 -45 -50 12
7 -18 -2 11 -33 -43 19 47 19 -12 -22 -11 -32 20 35 42 30 -8 4 -17
-43 -7 -50 0 -29 35 38 -30 40 -10 -16 -3 -25 33 11 44 -8 -20 41 13
-30 -30 4 -12 -8 42 -20 -28 -16 35 -42 44 30 -42 -6 -48 -5 34 -28 37
-25 7 -15 -48 42 -2 46 36 -20 -10 -1 1 -38 6 39 4 -2 22 -22 32
7 38 26 -13 47 -30 -11 44 -45 -36 32 32 -27 19 -14 -35 -33 34 3 49
-26 4 0 -14 -40 42 -8 8 14 -27 -9 -29 -39 19 -40 10 40 -48 5 -3
-34 39 31 -11 8 -33 -44 25 -49 -39 24 28 15 27 16 26 19 11 -16 -17
-14 -23 -44 49 47 -34 10 -11 20 17 36 36 -42 17 27 16 -14 -15 43 -13
-4 -31 17 -38 46 -16 -10 -33 45 24 0 -19 -48 -42 -20 1 -25 -8 40 -3
11 26 -16 19 45 13 -15 -19 1 30 -30 47 -50 38 11 46 24 -49 -36 19
-22 -34 2 32 -25 32 -17 -48 27 -27 -1 40 1 -15 10 -4 49 -3 -21 -48
-22 -1 49 -22 39 -37 26 13 16 40 34 44 9 -14 26 34 21 -41 -12 -50
34 -11 40 -15 25 0 31 -24 0 12 -22 28 14 29 8 3 -6 -16 19 -39
27 -45 7 -14 -8 -16 22 15 45 -40 15 -18 -1 -43 17 26 8 -49 -48 10
13 32 -12 -23 -36 46 -17 8 -20 4 19 -43 9 -23 45 -49 -37 17 -32 10
-21 -15 42 -19 -7 -38 -43 3 -37 12 -37 -22 46 1 6 -40 49 -9 19 31
45 40 39 4 19 -14 -42 32 -46 -24 45 -17 -36 37 14 7 1 -26 -40 14
-12 -27 43 -16 -24 -49 -5 -25 44 16 -44 39 6 -3 45 -24 34 -47 10 -10
32 5 23 -2 45 40 -45 -4 16 17 13 -46 40 -42 40 18 11 -15 43 5
-49 1 -6 -40 1 41 38 -15 -3 -2 25 31 6 -50 -21 1 -8 -16 -1 10
-49 14 14 -7 22 5 -39 -17 -8 6 -10 46 9 -14 8 -40 -22 -4 47 25
44 -26 6 0 -25 35 3 -31 21 5 30 -26 -31 46 17 -6 -47 -20 -21 -4
36 20 44 -5 8 2 -42 36 48 -45 -37 -6 -20 -29 -3 -43 8 -50 28 -21
-43 8 3 29 -43 22 25 -40 -48 -46 -42 -10 -24 -48 36 35 -44 -4 -27 -46
1 -13 -49 -17 -40 -2 42 19 -50 21 0 -42 31 6 37 38 -22 12 1 33
-32 9 -27 -5 -36 11 32 22 -43 7 -21 -39 44 -20 -6 7 28 -13 -24 28
10 -22 36 -9 34 -25 32 15 -11 -17 -2 8 -6 -27 5 -40 35 39 33 -6
-4 -38 5 43 -8 -50 0 -30 39 -22 0 -1 6 -13 -8 -9 -36 -26 8 4
-41 8 14 4 31 -31 -34 -32 10 49 13 -44 13 -32 49 -45 20 -49 27 -39
-21 -22 -38 36 -33 5 29 33 29 39 -13 39 -3 3 45 30 -26 -39 49 34
-39 -36 -7 -24 34 -8 -18 -43 46 11 -32 -25 -9 -19 13 -40 36 44 44 -33
-15 33 8 32 -13 3 -35 -37 -33 -36 48 30 30 -9 -44 14 -15 -12 -27 -19
2 -8 -41 -5 -25 -26 6 13 21 -48 30 -44 35 41 39 24 -6 6 38 11
20 -12 -9 -48 29 -2 -32 16 -12 -8 0 -8 34 9 38 11 -15 46 -26 -44
48 6 -37 -15 -3 4 12 -6 -40 -48 7 -18 -10 1 36 21 49 -46 39 39
-4 -11 34 32 0 22 -7 36 18 -31 42 -32 26 7 3 25 13 -35 -31 -25
19 27 -41 -41 30 45 -18 -19 -50 -28 -30 -4 -37 6 -21 14 -22 -26 0 -2
-6 44 -32 22 -46 22 -3 17 -11 -31 43 -41 -2 4 20 -22 0 5 9 0
-21 -19 -2 -8 38 27 -44 18 4 -42 19 48 -47 37 20 -43 -39 19 -24 -47
-10 21 14 38 -24 36 -34 26 -9 -23 28 -28 9 -24 15 49 -46 -27 17 8
-18 38 -42 37 26 -20 44 -11 1 22 -8 42 -6 -44 30 -28 43 -1 48 36
-22 26 -41 37 -48 -24 -12 8 -1 8 18 31 -4 -22 -30 24 8 -36 -36 12
-11 6 4 -15 -35 -16 7 10 -15 -43 -4 14 33 5 -47 -13 -17 -8 -2 33
-50 18 -34 -4 -1 -13 -29 9 -47 37 -29 -8 -7 25 27 -40 12 36 20 47
43 -33 11 -22 -26 -33 16 8 9 16 43 9 36 -41 7 -15 -4 -20 45 -48
-33 -34 46 -37 42 24 -27 -44 10 44 -47 -44 13 -33 -16 -11 -16 2 -1 43
-32 -8 -46 -45 -46 -37 42 -48 -6 37 -46 11 6 -49 -24 -2 -23 0 4 -11
46 -41 -5 -39 -24 30 -48 -38 -18 2 7 -47 -4 11 10 0 -23 2 3 21
-10 7 34 -2 -40 -39 -2 -13 -37 4 27 11 13 24 -26 -8 4 -24 4 -11
28 14 -8 -25 27 -48 -23 -46 4 30 25 -4 40 10 44 -50 -27 -8 40 38
46 -31 -1 -38 43 -25 4 -2 1 10 37 32 -26 -21 9 -48 33 36 -44 -13
17 -16 -14 -41 -4 -20 -41 19 -25 1 7 23 20 8 35 14 33 -11 14 36
2 -47 18 26 -18 -23 -20 17 16 -13 -46 -17 21 42 44 -33 25 5 -12 -50
-43 -3 23 27 7 9 43 42 0 7 28 -48 10 -3 -19 -6 -24 11 -39 42
48 18 27 -29 10 21 40 37 29 30 37 36 29 -37 13 -14 -26 -41 -22 24
16 9 -21 -23 8 10 21 34 23 -15 -21 -26 -47 8 -5 -35 32 38 -47 11
18 -8 -3 -50 5 12 -14 -19 21 -33 8 -12 26 37 -33 -16 49 -10 20 22
-23 1 46 32 -40 44 48 42 32 3 3 -48 -3 2 4 5 -36 41 36 -12
10 -6 -22 38 33 -5 -28 -16 -13 -6 -43 15 46 5 -3 -44 -1 47 0 33
-48 -47 -12 0 5 42 -45 -29 -15 41 -39 45 38 -11 33 -27 -14 7 8 -24
-48 15 41 0 -30 40 -42 -28 38 8 7 40 11 45 -10 18 -10 47 -9 25
-9 3 -27 -21 -6 8 2 -17 -34 -40 9 20 -23 0 22 -50 -10 30 24 30
-12 -19 21 49 29 13 -31 -31 11 -38 -4 4 -33 19 33 12 -22 37 45 46
0 4 16 -21 6 -12 -21 46 -32 5 -21 -42 37 -50 -43 -32 -35 28 -13 -22
40 -15 32 -42 -45 -33 -28 35 7 19 31 -43 -27 49 -14 29 39 -32 -23 -43
23 6 -35 -38 -42 24 -20 26 -46 -31 6 -4 5 -11 -44 -38 -42 -22 47 15
47 -20 22 22 -21 11 -47 -32 -19 33 27 6 41 -6 19 2 20 1 -22 -24
-27 34 22 -20 25 29 44 34 9 41 -1 -41 23 24 31 -48 -15 -13 22 16
-30 -49 24 -39 -5 -7 -35 17 -3 -7 43 -28 30 -33 -46 -43 46 48 41 -42
39 43 -33 12 17 0 -34 4 37 -10 22 9 -9 -4 -27 -12 -8 -12 -45 39
32 0 13 -36 17 17 -29 -34 15 15 -26 -44 8 -9 -30 -25 41 38 29 -19
-22 1 40 19 47 -37 9 41 2 -34 -18 36 16 45 -50 35 -36 23 -49 29
-12 27 -13 46 -32 7 23 12 -5 -46 43 -25 -43 -15 -4 -45 -1 -45 -2 3
23 31 -11 -11 26 41 27 41 14 -20 -28 5 -42 10 1 -24 19 27 -10 -35
31 -17 42 39 19 -11 -4 20 46 44 -27 20 25 -36 11 -46 -45 -12 45 -29
19 19 26 27 -21 30 5 49 7 46 16 -12 31 8 29 -48 -1 -25 -26 -4
22 -3 -34 -3 11 27 1 -32 -34 48 -10 -13 18 -34 16 -1 46 -29 -2 -45
19 16 46 1 27 25 -45 -24 3 -20 22 -25 -21 38 22 -7 -32 26 11 36
-24 -49 -27 44 20 39 46 -32 12 46 -26 -18 13 -30 -15 -10 -3 42 -32 -50
-28 -7 -25 -46 33 0 -3 -49 28 -42 37 -46 12 12 1 -18 1 -3 -48 16
-7 -24 0 8 48 -13 0 48 -21 19 48 -46 -38 26 -42 -3 28 5 -1 -42
13 -14 14 27 1 -35 -41 4 -36 -38 -30 -40 40 20 18 -9 -43 21 -11 39
-10 39 43 -46 -33 3 1 -3 -42 2 5 -27 -9 22 -49 42 -11 12 -4 4
-24 -31 -34 19 39 34 -40 -1 5 -49 40 -3 -8 33 -47 -38 38 -43 -39 46
-39 -31 21 2 41 -26 46 -20 37 -7 -14 15 12 2 -16 -47 39 46 -46 46
47 44 46 42 -21 49 6 -33 8 17 15 -28 36 -13 24 27 11 21 -42 -50
16 46 16 30 -1 -50 -15 -12 47 -10 -16 -4 36 -20 40 -34 32 -4 35 42
-36 1 -36 2 -10 -9 -20 3 14 40 4 -20 36 22 12 37 22 47 -25 -29
39 10 -30 26 -8 -40 42 -26 -41 -21 19 25 30 33 -23 -30 -26 -41 24 38
49 30 20 -12 2 -18 -25 26 32 1 48 21 13 20 -3 7 -18 41 -16 -9
-29 -47 -34 3 -12 46 -24 13 -45 2 -47 7 -18 -24 45 -14 8 -30 -38 42
-27 12 14 -12 -18 13 -2 15 -43 32 8 -22 -13 -23 -17 25 -27 9 40 -22
-39 -4 35 45 22 -18 -19 32 -45 46 25 -22 8 -11 -31 -7 4 17 10 11
-49 20 -9 -12 47 25 -37 -30 36 6 -49 48 -48 -12 -5 24 -27 -21 6 -22
-25 -19 -42 -15 -28 29 -20 27 -4 40 40 -3 -37 -18 -13 -40 -43 1 33 43
-43 -14 -7 -41 -24 39 -15 -1 -32 41 27 45 -27 -12 -20 47 -33 -37 24 -34
5 15 -35 18 -1 3 29 6 6 -36 -49 -35 0 47 26 26 -12 -39 -24 -42
-48 5 -47 27 43 35 25 -39 48 -49 -23 -44 -32 -8 24 17 -3 3 -27 -47
17 27 -32 19 -24 44 -4 14 -45 -26 22 10 29 -23 -13 -25 14 14 -14 -35
16 -35 -29 34 -41 45 2 7 -49 -23 10 -30 6 -19 40 32 -25 38 -4 33
-38 20 -7 41 -1 -18 -34 16 47 -46 31 13 21 4 49 31 -49 1 40 -48
-19 -48 25 37 -17 15 20 -39 -45 18 -4 -33 41 39 10 42 23 -21 8 20
-17 41 35 7 47 -13 40 49 38 30 3 21 -16 -22 9 -30 -5 31 33 0
-49 -21 -31 42 20 30 -13 -7 -41 -3 16 44 -11 -47 -47 38 -10 43 37 31
-25 -9 2 -38 -29 13 -18 17 -6 -35 19 -4 -6 39 40 -36 -29 -23 -41 -20
25 25 26 16 -19 30 4 21 -25 -8 -46 -47 -15 7 -35 6 22 -3 25 -33
-36 -5 13 8 36 3 -26 -43 31 -17 39 -42 11 -33 24 42 -1 -22 -35 25
-28 22 -20 7 31 -5 16 3 42 -9 20 8 -12 35 -34 -26 -11 42 33 22
27 22 -18 -12 -8 -44 32 41 36 0 -32 -41 -28 -2 -32 5 -5 34 -42 39
28 29 -3 -34 14 -35 43 5 -43 26 29 35 -49 -39 25 45 19 -40 36 6
-38 7 -33 36 7 -15 -9 -47 22 -1 42 0 30 -10 -32 47 5 -39 -46 -35
-10 34 -50 43 -3 -23 38 -33 -13 24 23 -49 33 40 37 -9 27 -22 46 -49
-20 38 -47 -40 30 -28 9 -14 35 14 -47 27 -50 5 20 -3 32 8 14 22
35 -13 23 18 29 11 11 -41 39 7 -40 -31 -4 16 32 28 38 -9 16 -25
7 19 -47 7 -26 -25 -45 -43 34 19 -19 19 9 -46 39 40 15 1 1 -43
-42 12 28 -44 -22 10 35 18 4 1 -5 -39 -29 -50 19 -5 -24 -24 -46 12
45 -15 -19 -44 -10 -30 -1 7 -27 -50 -34 -18 -36 45 40 -8 -43 25 12 -37
29 10 27 -50 10 -4 47 -12 -26 4 -50 21 39 -19 28 31 -46 29 41 -23
29 -43 -39 44 4 -48 38 -36 -21 -47 29 -42 13 6 10 25 4 -40 -36 28
14 -36 0 3 48 30 37 4 9 28 -17 -12 -13 -5 34 -6 49 23 8 -22
-22 -13 39 41 -4 -1 -32 -50 9 -18 29 -27 49 -21 -21 47 -41 -34 -47 -30
-4 -14 8 33 -17 45 -23 -18 -30 -13 -37 -2 -23 -48 41 23 -47 -41 -25 13
-8 -46 -12 43 35 -31 -8 -4 37 -5 16 -17 31 27 19 -35 22 -2 49 42
-12 -38 -10 15 -36 -19 40 20 42 -35 -17 36 22 -27 29 7 45 -29 -46 32
-32 -28 18 2 49 39 -31 21 39 -32 -35 -23 33 5 -6 -1 -12 -16 -31 33
-48 -46 19 24 -22 -1 33 -27 -28 -11 7 43 12 -25 -5 -37 16 14 -13 6
-16 2 33 -33 10 30 17 0 16 36 -17 18 41 -47 44 21 -46 28 -4 28
-33 5 21 29 -17 18 43 49 34 32 5 -31 -16 41 38 44 21 -43 47 39
44 -20 8 -13 35 -46 10 39 32 8 -30 -50 -37 41 -19 -4 -38 26 -4 46
8 3 17 -5 -6 6 41 17 13 38 -41 -41 -31 -31 48 6 -27 8 48 -44
-34 -32 8 32 11 -9 -22 23 -32 -24 20 -22 30 -13 23 26 -5 15 46 -41
3 -45 20 -26 -26 19 -17 -3 -23 -19 -45 46 -1 13 28 -40 7 8 -14 25
35 8 -47 15 -3 -21 -9 43 44 -13 4 49 44 -26 26 -32 -5 -41 -32 -25
42 -27 -29 -9 -11 1 -47 46 -41 41 -27 44 -1 28 -39 47 9 3 40 3
-8 46 -45 39 22 -17 -43 -32 44 27 -7 36 3 -34 29 42 17 32 -10 -22
24 -35 -27 25 -5 -16 22 -45 -11 -36 -40 -16 -40 -35 -27 -15 -50 32 3 44
10 46 -18 -37 -38 -39 7 -19 44 -1 9 -30 -34 -16 45 11 -29 -30 16 -38
36 27 -4 -1 -6 -29 34 -5 6 -13 41 -34 35 -26 31 -1 37 40 30 31
41 41 3 -43 -24 -49 18 -3 23 37 -39 9 14 -40 -42 10 -19 -6 7 37
-17 -1 5 -32 -25 38 17 -38 28 49 -4 19 41 1 -22 19 -46 47 18 27
34 29 39 -50 39 -1 10 23 44 -32 -38 -23 -31 -30 -4 46 -42 15 10 -11
-33 -44 10 -42 -40 39 -21 -36 -12 47 42 24 -22 31 24 -32 -20 36 -7 26
6 5 -46 -23 -23 -48 25 -14 -31 -14 -23 -14 44 37 -6 -46 26 23 -31 16
-28 13 -10 1 46 16 -29 28 -45 14 5 11 21 -39 -9 49 -37 -34 37 -18
-46 -36 -29 49 -49 15 5 -20 41 -24 46 15 39 -13 -34 -13 -47 39 -34 -42
-45 -27 -28 27 36 -35 -22 1 33 -35 33 38 -21 6 -11 32 -28 44 -38 15
-29 -41 32 12 -4 1 -50 -49 -10 18 12 -4 -7 -14 25 -21 -47 -47 30 36
-32 -35 -24 49 22 15 31 -4 10 44 13 31 5 -5 -7 3 46 45 4 39
13 18 -15 8 6 -40 37 9 15 17 -4 33 33 22 -16 -43 -12 -35 3 0
-41 -34 33 14 11 28 19 -40 24 -26 49 39 -6 -16 -2 -49 46 -15 10 11
5 8 46 40 -19 -20 47 -29 47 0 -27 9 -32 -44 25 -19 34 -5 -9 -40
19 -10 -50 15 -24 -50 16 24 -15 -23 37 -8 -13 33 -18 18 15 -21 -9 13
-19 14 -28 -1 20 -1 31 -43 44 -28 -33 -35 -35 -33 31 43 -33 -3 18 -45
-24 5 -3 14 41 -18 34 6 11 28 21 -5 -8 -5 44 15 45 -23 22 39
-48 39 -45 -33 9 36 -40 -22 35 -20 35 14 36 35 30 27 -33 14 35 -20
-8 -41 25 -13 4 -28 -48 -49 -1 -24 41 1 17 -2 -30 -24 36 33 -43 21
-37 42 37 1 -21 17 30 -4 -18 16 27 -24 -23 -46 13 31 -24 -33 -15 -22
-7 28 -19 -39 -24 -46 39 -38 37 46 -15 2 -9 25 -46 20 -8 34 -33 24
-48 -4 3 -21 0 -34 13 -21 36 48 7 -21 26 38 -10 4 42 -20 -32 -19
28 -45 34 -31 30 -10 -8 -27 26 9 -1 -19 7 -48 10 9 21 25 38 7
23 -5 -12 -49 36 -19 5 -20 -37 23 12 41 29 48 13 9 40 -45 32 16
-34 34 47 23 36 -40 34 -41 35 23 -32 -39 20 7 -38 -42 38 18 -11 -49
43 3 -6 -26 1 9 34 43 14 -32 9 -18 -48 -41 7 -9 -31 -8 -48 6
-35 -29 17 -13 -20 -18 -4 -32 2 35 21 -5 40 17 20 -9 -23 -44 36 -7
26 -5 26 29 -44 35 22 27 -23 24 36 44 -3 3 -18 27 -13 -20 -3 39
-35 20 37 -45 -12 -41 48 -33 -35 34 -38 41 31 -10 -28 -10 -24 -4 -33 -45
-29 5 -50 18 -41 34 48 48 -36 -5 38 31 -34 -23 -12 -44 -14 38 25 -47
-26 37 -4 7 -22 19 47 4 17 17 -39 38 -28 -39 -41 33 -3 -43 32 -37
-46 -28 44 -30 -49 34 28 -13 22 3 42 46 -9 -12 4 -29 9 1 -23 -23
20 -12 17 43 -48 -22 -22 -1 -15 -40 -35 42 34 -41 14 35 -4 -7 24 -32
-2 16 -35 -9 7 -29 12 18 -26 -9 45 45 30 -35 -10 32 -7 18 33 -19
-19 48 -27 17 10 -11 3 -44 32 -23 -26 -19 -4 41 -26 -47 14 37 -27 39
-22 21 -14 10 36 26 -8 31 46 28 14 29 26 -11 -3 -14 29 2 44 11
-19 -31 -6 27 12 19 -18 -23 -42 6 18 38 -23 -46 -1 15 -18 -7 -4 30
23 -39 10 0 0 9 -12 -21 -39 -17 -7 44 -46 -11 -26 -32 10 6 47 18
14 15 -41 -7 19 8 10 -49 3 9 -16 -23 -28 -4 -21 -26 -45 -31 4 18
-46 -1 12 10 -10 36 29 -49 45 26 19 -39 -8 -20 -43 13 -10 17 -33 44
28 1 23 -50 47 -48 -25 -48 23 -19 -28 28 30 -14 -12 -30 -27 -33 -29 20
-4 -7 -17 -10 -25 -10 -47 16 10 -30 -38 -12 -27 35 -11 -30 -11 -34 24 -38
-3 46 40 -23 35 31 49 10 0 23 -20 46 18 -35 -14 43 6 42 -39 18
14 -27 8 38 -42 -1 -42 49 15 -15 14 -38 33 4 41 18 37 -7 -22 -12
-34 -40 -16 -14 -24 -27 31 -16 -35 43 -48 29 -34 10 17 27 12 -22 26 -23
13 -10 -10 48 -3 -19 17 -16 24 45 -26 -8 8 9 -20 34 -16 -38 -32 -1
7 22 30 23 34 -50 -48 -4 30 -19 24 45 -27 16 43 -28 47 10 7 -26
-42 31 -32 16 42 -1 -48 -24 -37 22 -23 20 -6 10 45 -22 10 0 -23 -10
31 3 37 -46 -31 30 -23 18 43 -14 -6 3 19 13 21 -36 14 23 42 -21
-5 -30 1 -9 30 48 -29 42 -2 -2 34 -21 -49 21 36 22 -47 15 -9 46
3 35 -1 24 -50 22 38 14 -5 31 43 -8 3 46 33 35 45 7 27 -7
-45 11 -25 9 34 13 -19 37 -22 -26 -14 -17 -40 -13 -43 -40 -40 46 -23 -43
-21 22 -48 -16 19 -13 -31 14 44 -2 -43 2 11 -18 -39 -5 45 44 34 25
-31 -30 -42 -21 8 18 41 -30 14 -32 -23 -5 41 -21 29 -38 17 0 26 11
48 33 15 9 18 26 -46 -35 -27 -10 -7 -8 11 -47 -27 -31 21 16 -11 37
35 -32 -18 -22 -2 13 -10 17 -37 18 30 13 -47 -4 -28 21 24 28 -11 47
-31 32 -11 -18 -13 -36 1 -41 31 -8 46 -32 -38 31 48 -38 -6 40 29 -40
8 -38 -25 -37 -40 -2 35 34 28 26 32 -1 -40 23 31 -3 -10 34 6 23
28 3 41 41 36 -9 -47 32 -19 -15 -6 -9 -3 20 4 7 20 41 43 -2
-31 25 48 -21 -49 29 27 43 -34 35 16 44 40 7 35 26 0 39 9 -17
26 -47 -24 -27 23 -18 -18 -7 -26 -25 -6 -7 3 44 -25 -44 -25 4 49 -9
-11 15 -14 -20 24 -29 8 -26 12 19 -41 -12 23 -15 -37 48 17 -5 44 -7
-27 40 37 -22 34 14 -16 -41 -32 35 1 7 -48 37 -11 26 10 48 2 -27
-31 11 11 42 -2 25 -7 -35 22 39 9 -3 29 48 25 -35 12 11 -26 -18
-4 -23 39 -2 16 31 26 -23 -19 30 0 0 43 13 45 -9 40 40 -41 -35
29 18 12 -40 -32 40 -25 30 1 -49 -38 48 31 3 48 -3 36 -23 24 -33
-43 26 -30 -49 42 -35 44 32 -45 -47 -1 -14 -27 -38 48 -9 -48 25 23 -45
-22 -13 -47 -41 41 4 7 27 31 33 -3 -10 10 17 43 2 -16 -10 36 41
-7 -14 -23 17 -50 -25 10 4 2 -16 9 30 21 -35 40 -36 -29 49 -6 4
32 41 44 -8 -40 -10 -4 -6 30 35 -15 25 23 -36 -8 23 41 5 -23 -7
39 -12 -27 10 3 15 -23 -24 14 21 30 -3 12 25 -9 22 17 -10 18 -3
-25 -47 -28 48 19 -33 -27 10 22 -48 5 -37 -10 28 -25 -4 46 2 22 10
-27 3 -43 -13 30 -49 11 -3 -9 -21 -4 16 34 -30 -34 3 39 -11 15 -37
-9 -30 -24 31 1 -46 29 -3 6 2 -43 -18 7 17 19 39 18 -19 -14 -41
10 -16 -23 47 4 -7 0 -6 32 18 7 -27 38 -14 6 41 -10 -14 -12 46
-10 48 -22 47 15 0 -12 -17 31 -24 44 43 10 -29 40 16 14 43 -40 48
11 -30 -29 -49 -42 -21 43 -2 15 -19 46 7 -21 27 -44 -4 -23 -6 -19 10
20 -25 3 -20 48 -6 -1 -36 39 -39 -38 0 -19 35 -47 -11 -35 46 -11 -18
30 -14 -8 11 -37 -2 -42 42 43 41 2 -35 -33 -45 48 17 -49 -3 -16 40
8 -4 42 -8 34 46 -17 1 -6 23 -15 -26 -41 27 36 24 -24 -4 16 21
39 -32 36 8 -27 -14 -24 27 33 10 17 44 8 -38 -14 -8 -42 19 -5 2
-8 31 -21 -47 8 17 27 -14 15 45 -43 4 -37 -4 -37 39 32 -11 16 -32
1 35 -38 -41 -1 -50 -46 7 19 -1 12 14 -20 41 -31 -9 -40 -1 27 25
-6 -13 -21 -40 -15 -8 49 19 -17 -33 37 34 4 1 -4 -46 1 0 -37 23
1 25 -13 -16 -32 6 25 -22 -45 -46 -47 -48 -9 35 -38 26 -23 -39 48 -37
30 35 47 36 39 45 40 -10 -5 6 -37 47 33 -48 -19 -48 9 8 32 -34
12 -12 -32 -46 -27 -20 -18 -48 43 32 -35 -25 18 15 14 7 10 -44 -1 -44
12 -35 5 -4 -33 -12 -50 26 46 32 -5 -40 -30 -35 16 -7 48 1 -4 -7
-17 11 -29 -49 28 35 -40 -11 41 -38 47 4 -23 2 -50 -6 -8 -50 23 40
-16 20 -50 5 35 17 0 33 -32 46 29 1 -40 -50 -45 38 35 17 29 26
29 26 32 8 -22 -16 -47 -28 36 -22 -38 -29 48 -37 26 -15 30 28 21 48
25 0 -49 -13 0 -44 27 37 -24 7 -35 -45 -17 48 -34 -36 -18 -31 -14 -31
49 -1 42 -1 12 -30 34 44 48 5 -6 -25 7 -5 12 -43 -46 42 -4 -20
-1 12 37 -16 10 -47 -2 -6 24 -13 -35 23 -12 -43 -28 2 -23 9 -4 -24
-36 -8 1 -26 37 16 33 -7 8 -20 23 9 42 -37 43 -46 -34 44 -2 41
-19 -34 -34 19 -27 41 23 -47 0 -31 31 -34 -37 34 -10 -50 0 -26 46 10
4 -29 -31 48 -16 15 -48 1 9 -48 44 -8 -32 -40 13 44 3 -14 47 -47
-43 28 -30 -30 12 -38 22 15 -14 18 -25 -8 -8 47 -10 26 12 44 29 23
47 -25 17 17 38 -20 11 -9 -32 -40 -5 -25 -10 -33 47 -47 -21 19 -30 16
40 47 -42 -18 -4 -49 10 10 45 -10 -17 -6 -33 -50 -38 -45 32 -25 -3 -50
-14 -6 27 26 11 24 -19 40 -6 -47 -42 36 -49 19 -32 49 20 28 10 15
20 -5 -40 38 -4 -28 -5 30 49 42 31 37 38 -40 -34 -1 35 -3 42 31
-47 2 17 6 -29 -13 5 41 -35 -35 7 -12 11 17 28 9 -9 -27 -11 42
18 22 30 6 -15 46 8 -30 45 -48 -49 48 4 -30 4 26 7 12 17 22
27 26 12 40 45 -10 -49 38 -34 43 31 34 15 11 42 -50 7 -48 22 -46
-46 -25 -47 9 -5 -41 37 -48 21 4 -23 -49 33 -9 -7 28 32 -5 17 0
-12 -2 -16 5 11 28 -42 20 31 30 24 -13 -44 -21 46 -47 -11 -15 8 12
40 35 -35 -25 -24 9 -47 10 -46 -28 -40 -8 20 46 47 33 -23 -45 3 -42
-12 -22 -5 46 -41 44 49 -2 -21 7 13 21 44 28 46 23 39 2 -17 43
24 46 37 47 -6 -13 30 21 44 -16 29 -18 -36 27 -22 -27 -27 30 -26 -46
39 37 26 34 -33 -26 7 -43 26 -8 2 -47 40 -10 -50 -15 27 30 -44 21
16 -12 6 30 17 -14 6 40 18 30 44 8 -31 -28 44 38 -3 -47 45 25
47 -50 28 38 42 -20 -27 19 13 31 42 -21 -31 -50 -40 36 39 16 -22 7
48 -27 -35 -33 47 11 -45 46 14 3 22 12 -45 -48 0 47 35 -25 -32 -2
-44 12 27 28 13 -11 -34 2 7 -5 11 5 -30 27 -26 -33 40 32 -36 5
37 -12 -33 42 42 -31 -9 27 46 9 -25 -48 23 5 -18 -14 44 -1 -10 -46
44 -48 9 -36 -19 -14 33 -29 20 47 -22 7 37 47 -49 30 18 44 7 14
3 -15 -31 -24 40 1 -35 -14 2 -43 -10 -4 11 2 -38 -6 38 46 -32 -40
-5 -4 -31 -17 46 -30 15 14 16 -28 -21 -31 -41 -2 47 1 1 14 38 -46
22 -22 -48 35 -18 -35 -20 22 13 -2 32 10 -4 -49 -5 -8 23 -40 -43 -11
35 -14 -40 44 -14 10 -4 -11 -26 36 -7 -2 16 48 -16 49 -37 -34 21 -22
14 -44 38 -40 -43 -16 -45 -17 -6 -38 22 31 -50 -15 26 38 45 24 -23 21
10 -27 -30 -24 23 -44 -25 36 -28 -1 16 -12 5 -44 -50 -36 42 -45 -3 39
19 22 20 -29 -43 -4 -41 4 -30 39 -25 -18 14 47 9 -13 5 34 25 -21
-17 43 17 -10 49 -30 5 42 -25 -48 -17 -3 -24 -47 18 -17 -48 -20 -11 24
-31 -33 -43 -15 -36 16 22 -28 -48 49 1 38 42 21 -22 41 41 -15 -15 18
-12 18 -35 14 22 -14 0 -24 16 -9 -50 -13 8 -43 22 -25 -25 -6 -3 -22
-7 0 -34 -15 -29 46 28 -38 -18 -36 31 -28 -16 -2 -12 8 34 -10 34 -48
32 35 -11 42 -6 -39 -33 20 -43 -34 48 -48 17 16 39 -10 -36 18 3 -4
-16 36 -30 18 36 9 -23 -27 1 13 -25 -17 -2 15 -24 43 26 45 13 34
14 -37 -12 -19 29 -22 21 -5 46 26 -6 -20 -36 14 0 3 25 -21 26 -23
43 3 -38 43 -32 40 36 -3 36 -49 33 0 -36 -29 -17 -5 -1 6 -7 -5
35 37 -23 1 1 -20 -46 29 -39 -18 8 -46 36 20 0 -46 11 -14 -47 49
40 36 -49 6 -42 36 4 -41 44 47 -43 29 34 36 33 37 -34 -11 -32 -22
22 26 34 8 -3 -16 -36 10 -27 20 -39 15 6 14 -29 -34 -48 -23 -24 46
26 35 -22 -38 21 -39 -50 -10 -48 20 -30 24 -3 -46 34 -4 41 1 -44 16
-29 19 -19 -21 -17 -46 -4 -15 -18 -26 33 -42 -41 -39 -29 -18 24 23 22 27
-7 42 -47 -8 47 38 38 -10 41 44 -44 -38 -35 39 -9 -2 43 -11 -15 27
-35 -31 36 26 32 9 -41 7 34 31 36 -23 -24 39 -28 25 27 -40 -35 18
7 23 -18 22 12 -24 23 -43 -33 -42 35 -17 29 -27 11 -36 32 20 21 16
-46 -41 -5 -20 48 17 -45 -22 28 22 -2 37 -5 31 9 9 9 34 16 26
-5 1 -41 -26 24 21 -12 6 43 11 24 -1 20 22 29 -29 41 -14 -1 -29
-42 47 -42 -45 -20 18 14 39 2 -19 16 47 32 -23 24 -41 0 14 -33 46
28 42 -5 -50 -34 -25 -29 -43 -37 -28 -21 24 -30 -13 29 -48 7 46 42 12
-23 8 9 11 -13 35 20 38 -48 -10 34 30 -18 -21 30 -50 -44 4 -43 22
26 -14 -4 -2 24 27 1 -19 23 45 43 -50 -45 -45 -36 -8 -8 -14 32 -6
26 -32 -26 10 -50 7 10 -44 -39 18 -20 -11 6 26 38 -20 4 41 -36 -23
-12 9 30 -7 -34 -4 35 9 32 -30 -47 -39 -12 30 21 -12 39 34 47 -50
-46 -23 41 10 -46 -19 41 -40 24 7 39 -38 -34 19 5 35 -35 43 -6 0
-37 49 11 -47 -19 -18 -8 -30 18 41 22 22 -32 -34 -17 24 -3 26 -14 -28
-17 -24 -16 -49 45 -8 36 13 37 32 -37 -50 -16 24 5 -33 8 -1 -12 -23
-10 12 1 9 28 34 35 28 10 -28 -50 -5 -2 36 -3 45 30 35 8 17
-30 -27 -31 -44 47 25 -27 -42 -26 -37 37 15 26 -12 26 -44 -27 -37 34 -15
-15 -14 31 -15 25 30 -19 5 -33 -9 -27 -13 15 44 45 12 19 -31 -28 -4
-18 -41 13 10 -2 -11 17 -27 2 -47 8 -10 -10 -11 25 17 -31 -44 -28 -13
-2 47 -24 15 -6 -28 -23 -37 43 -48 -39 -25 -39 24 -12 -39 -37 7 -16 -32
-38 43 -40 -46 34 35 21 6 -6 -4 43 -6 -7 21 -41 -11 -5 38 3 -12
40 14 -34 4 41 4 15 -46 13 -50 24 25 -5 34 30 -21 -28 1 35 16
47 -20 12 43 4 21 -18 49 -39 -13 -12 -48 4 -44 -42 -5 -38 23 -49 25
-25 -22 -48 20 14 32 -50 36 36 -13 -46 -15 18 16 30 -28 39 15 23 -49
4 13 5 -42 19 13 -45 31 38 9 -42 -36 -11 13 34 -47 -5 -14 40 33
24 -4 21 44 -37 1 18 4 18 43 5 -27 7 12 33 28 27 -9 -38 16
-50 -30 30 -11 33 -34 44 31 -45 34 -34 29 -19 37 -25 46 41 -5 0 9
-12 8 32 45 22 16 24 0 -43 36 18 9 8 -50 0 44 -34 -6 -23 23
31 -7 2 14 -19 -21 -38 -28 24 12 31 -37 22 -34 -42 -5 -16 -16 -3 43
22 -35 2 -19 -35 4 27 33 48 -46 7 -19 -3 11 45 -20 41 9 -46 -33
-28 -12 -20 -4 4 41 -7 -10 27 40 -17 0 -45 -13 -17 22 41 -40 -42 -9
16 -33 -25 15 -20 22 46 23 -18 -50 41 -44 40 23 2 46 14 46 -14 44
36 19 -6 -6 -44 -21 18 -1 -11 -22 -7 -45 -5 18 20 -22 42 -32 -49 -26
21 42 -20 11 -32 33 8 -16 -19 44 -22 -33 -34 22 -37 24 3 -16 26 42
12 21 -1 10 41 22 38 33 -8 39 -42 -37 -16 -12 -23 -46 23 -13 -12 -46
33 17 24 1 41 -11 -24 -5 23 4 39 -14 -25 41 46 -34 13 -14 49 7
27 -43 -27 -39 48 0 -35 21 -11 -44 -22 -28 23 4 -24 -34 43 2 11 17
-44 -47 -47 -19 44 1 -3 -41 -11 48 16 -34 -44 39 30 6 41 -3 29 32
3 -43 7 28 11 33 45 5 37 -42 24 43 -39 -21 26 -45 30 25 16 21
23 -17 37 -19 24 -31 37 -32 17 17 2 22 24 -41 1 38 42 48 45 29
-44 19 -26 -32 48 2 25 -20 -23 -8 -49 -49 -23 -10 34 3 10 22 -27 29
-11 26 1 15 35 4 -45 -20 2 -50 11 9 19 -12 -21 17 40 6 -1 -32
0 0 21 27 41 5 33 -47 29 -44 32 20 32 -17 38 -30 38 43 -48 42
-4 13 1 17 -49 -18 -15 -6 39 -14 12 -11 37 35 19 -20 42 2 -17 22
-40 -35 44 -5 -50 32 -33 -10 -22 -31 -17 24 -16 -14 -9 38 19 -22 -18 -40
15 -4 -49 -46 -19 20 -16 25 24 -31 -3 35 -16 44 32 36 26 49 -23 -46
-32 -38 -20 -46 -50 22 42 19 2 26 -19 -33 -28 -17 -29 -45 5 -43 31 -20
-24 30 17 -38 24 -1 49 1 -50 28 -43 -32 -8 -12 24 -8 12 17 14 -36
-7 45 34 16 30 7 -27 -14 15 -46 -32 -7 35 35 6 -39 36 -43 -36 36
-13 -28 6 29 -38 -20 -29 24 -1 -13 -10 43 35 -26 -39 15 32 36 3 49
41 21 -8 -22 -42 48 -11 -4 7 4 34 44 -22 42 23 -10 -27 -3 16 -26
-14 -44 -33 -29 -19 30 -11 15 17 42 14 -40 -34 -44 40 26 7 -21 25 16
-15 9 11 -35 2 36 5 -23 35 23 1 -28 30 -29 -7 13 3 -16 -22 22
29 42 -16 45 0 -26 -27 9 -44 48 -24 -9 -40 37 7 -36 -25 14 -9 -39
-12 -6 -17 -32 15 -22 -17 21 13 11 -7 44 -45 28 39 -43 -48 14 17 10
-35 -5 -48 27 34 -39 41 -41 25 34 22 15 -22 -45 -15 -4 36 18 -33 -49
-21 -38 45 36 -8 -14 44 47 2 -37 7 17 8 9 -6 -8 -28 -15 -47 48
21 26 -35 -50 -17 1 -4 -31 -31 -35 22 -49 29 17 37 -28 5 -17 -31 -42
-4 26 25 -46 38 22 48 -40 9 4 10 -19 -20 26 -19 13 -23 -21 -15 48
46 -43 49 25 -23 37 47 32 -30 18 40 17 47 -32 -27 35 40 24 -3 -1
-22 10 -18 -40 38 -35 -25 -35 46 10 15 42 -30 15 -30 -3 2 -33 31 -26
-12 -26 -7 -15 -8 -31 -30 34 43 -31 35 23 29 -32 33 17 -17 -42 -16 -20
-29 -50 -28 -9 15 44 -10 19 14 23 43 -48 47 39 -13 41 -42 -41 25 -49
30 11 -24 10 29 -41 29 14 19 -36 44 40 16 19 33 33 13 25 2 -23
-1 47 31 48 36 -32 40 44 29 15 -3 10 28 23 -30 7 32 1 -28 -46
15 18 44 33 -13 -20 16 3 -45 20 -18 -44 18 -36 -45 -44 34 45 -49 14
-38 -50 -26 41 24 46 -50 -42 -3 24 -38 15 -7 9 -2 -18 -9 17 -13 48
-13 20 -45 7 34 -40 14 18 7 -33 34 19 -33 -42 -38 -7 6 -37 2 6
37 -34 -29 -20 -23 -29 -35 -30 38 2 -31 28 -28 -26 -15 8 36 49 -23 -7
-34 -39 14 36 22 27 -21 -22 40 -17 -14 27 -48 7 10 31 -19 25 -48 21
-23 -29 -1 0 47 35 10 33 -14 37 -24 -45 1 40 41 25 -31 -30 5 -41
-44 42 -11 -42 -49 49 39 -18 24 41 6 3 14 -45 5 11 -8 -34 -6 -19
5 -28 -14 -44 15 -23 -17 34 49 39 -4 7 31 35 15 32 34 -43 17 -40
48 -27 -35 -35 30 21 26 25 -11 23 -44 44 45 -8 3 -38 -29 36 -1 22
-23 45 -20 -42 30 -3 -7 -34 4 -40 28 -45 35 43 -30 15 -34 -2 42 -43
-29 48 4 19 42 -43 31 15 -5 -20 -12 23 -25 -30 31 7 -31 26 23 24
-12 -47 -19 -27 -1 -47 -9 -33 1 -17 -25 23 -18 29 -8 26 -12 -27 -8 33
-44 -18 -42 -19 -46 -8 -9 -27 -32 -36 -1 7 20 -18 30 -31 -15 23 38 37
-43 15 10 41 -6 4 17 -16 27 11 -32 -15 -5 -24 17 -1 -30 -42 -25 -11
24 24 46 46 9 -22 17 44 4 6 31 11 -29 43 -46 -32 -3 -27 2 27
35 -28 -38 -20 -49 29 -18 -29 -11 7 10 16 33 -42 12 -8 39 -20 -13 -7
36 20 6 9 14 -38 27 -39 -15 -20 38 22 -46 -49 5 -45 -18 37 -23 -26
-6 -11 40 29 -2 2 24 39 32 -39 34 -30 -17 -10 30 47 2 -41 11 -11
41 -1 -38 46 -48 17 -49 -15 4 30 -39 0 -30 -49 31 -30 3 5 -41 38
-32 43 10 2 35 42 -1 39 4 12 -22 -5 -38 -10 -9 16 -43 45 3 -37
25 14 -35 -3 15 47 -31 21 2 -22 -39 21 23 21 -27 -40 -34 -26 49 20
37 30 -35 1 -30 -41 -33 30 6 -27 -5 33 37 11 -19 3 8 0 26 -40
-19 37 -17 6 -40 -42 -31 -24 -17 20 -2 22 0 -34 -27 -27 -25 42 5 31
-35 -50 14 5 -37 -3 10 -27 0 -14 36 -17 25 -31 39 35 -22 -42 14 -37
-19 14 35 31 30 10 -46 -45 -46 -39 -12 -30 -38 5 -23 27 -48 37 -49 2
-27 37 35 48 -44 -23 -15 36 37 1 49 -32 -34 -14 2 46 46 -42 4 -49
-30 42 23 34 49 -50 11 -48 -11 12 -44 12 -1 -6 -38 -42 -27 -3 44 12
49 44 -17 17 -20 35 13 29 43 19 -18 -37 -36 7 47 -37 -41 -39 17 -2
23 24 -40 25 20 24 33 -5 -29 -21 -43 22 25 -10 -11 -44 27 5 -13 21
-26 19 -14 -12 28 36 -46 37 47 21 -15 -28 47 47 47 17 21 -18 14 -6
12 -26 19 39 14 -42 45 -8 -35 34 15 42 -45 -49 32 33 37 36 20 -14
8 7 9 5 4 -42 25 27 43 -11 -28 5 -35 41 46 30 1 42 24 -31
-22 -11 -39 -16 42 -5 -33 30 -18 -10 18 40 47 -23 47 -46 -14 22 -17 -21
14 -43 -14 29 48 -18 -39 -48 26 -13 23 -45 26 -14 41 -29 31 -42 3 -37
-2 -29 5 -4 -1 -45 -48 -13 -21 -15 -32 43 -7 -44 -25 43 40 38 -3 17
-24 -30 -26 4 6 -35 -23 40 25 30 5 -26 -48 -39 -28 1 -34 26 -10 -5
-39 8 41 -44 -34 18 -50 -44 -42 49 -25 36 -30 -1 43 -22 -34 -30 20 -6
-49 -24 18 -47 39 -8 -44 7 20 48 4 31 -42 -5 -10 -26 15 -10 -20 -24
-11 6 -38 -39 7 -45 42 -24 28 12 20 29 -10 40 -16 -21 -18 -10 36 -48
-12 -9 -15 48 -12 25 -28 6 17 2 32 9 10 -4 20 20 2 -36 46 -20
-21 16 11 19 6 45 49 -10 37 -13 44 27 28 -21 25 19 7 47 -25 -26
-49 -43 33 12 -45 -44 -18 -41 22 30 41 -49 -4 2 21 4 -3 -28 44 -16
9 38 -39 -12 19 -12 9 -24 -15 34 -47 -13 -7 36 1 -2 -6 -15 8 -33
-35 -1 -32 11 4 -9 -35 3 13 11 38 -27 -1 1 -37 -32 40 22 47 27
-42 -50 -36 1 -12 -33 1 33 2 11 2 17 -39 20 30 -33 14 -3 20 -23
-42 -40 -48 -41 12 17 30 -46 -11 27 -17 49 -21 -50 0 17 -33 4 -48 -28
-35 4 -9 28 27 -28 45 -9 -29 16 -30 32 26 -27 -7 40 40 -27 -4 32
2 30 31 31 30 34 -49 47 -12 -47 21 3 -40 -37 -18 37 37 -23 -22 10
43 -2 -8 -28 -27 36 -38 -36 11 9 -2 -36 -11 -21 -3 21 -37 -2 -30 1
-46 42 7 -36 -45 39 -49 42 18 31 2 -36 31 -3 -14 -45 35 -50 21 -4
9 -31 10 0 -2 10 -29 -36 -42 -8 -33 -38 36 24 28 41 -35 29 -15 -14
-38 -11 0 44 -12 -12 49 -27 -12 -28 20 0 -9 32 2 -9 -8 -24 -43 1
-30 -25 -35 -44 49 44 47 17 -25 34 -47 -12 25 3 -18 -36 -7 33 -13 -17
-45 -43 -15 48 40 38 41 -18 -36 49 -15 36 -26 -47 42 25 47 -9 -8 24
-25 47 -38 -50 -48 -6 -36 -5 29 -46 -19 -14 -39 16 -16 3 4 -24 -12 -30
27 -25 -44 -49 -22 0 -22 27 41 -27 2 18 -30 14 19 -27 11 -15 -30 -10
41 1 27 5 -32 13 -42 -26 -9 48 47 -32 -26 5 21 2 -44 -50 -20 -1
-27 32 -32 45 48 -11 20 9 -24 41 2 -32 44 31 23 14 -6 -17 39 36
-18 -12 6 -42 43 -22 -38 1 30 -8 -49 5 26 -31 0 -23 -40 -29 36 -14
14 -12 4 -40 -31 29 25 -34 15 -34 4 47 4 -40 7 49 40 19 1 20
14 2 -25 42 -27 -22 -31 -17 -49 -44 -29 -33 46 -22 -23 18 -43 4 34 22
20 40 -29 26 -50 28 -22 41 -50 29 -37 14 33 41 -42 8 -31 -22 -7 -30
36 14 39 32 42 -34 -48 -50 21 -12 -26 43 -22 48 -28 -21 26 0 22 -22
31 -13 -6 14 -22 3 24 49 31 -33 21 17 31 10 -49 24 27 6 -24 -50
44 -48 -5 -27 -50 -31 2 -21 19 26 7 -48 -37 -48 16 44 5 42 43 38
-41 15 -43 41 27 10 -33 4 -34 -7 -44 -39 -5 -46 -16 48 -27 -12 -23 43
16 34 -3 -19 -12 -36 -25 -5 8 21 -17 18 38 42 9 15 3 26 22 -29
21 -20 -18 18 -16 -32 16 8 -42 43 -47 24 -20 0 -44 18 -34 33 -36 25
4 49 -7 -8 42 4 10 47 32 -18 -32 -45 12 -47 23 47 -29 42 -43 -20
-13 -40 6 17 -38 12 -14 -21 -4 -48 6 2 3 49 -3 -5 -45 -43 44 37
41 15 42 3 18 -33 -48 -9 -41 -41 -27 -3 21 30 16 -14 44 4 15 -10
6 23 -5 -40 -26 42 -43 -21 1 4 18 -8 -31 10 45 37 -21 0 -22 41
-39 -46 40 -15 34 6 21 28 -39 38 21 -31 11 -34 31 35 10 39 16 -39
-7 -16 3 -36 -4 -50 -49 25 0 31 -32 12 35 -42 -1 19 -33 -30 -50 -22
10 21 49 -29 -11 31 8 49 -28 -26 -40 -33 8 13 -19 -46 13 34 -19 16
15 0 30 -47 8 -21 -26 25 -1 -26 5 11 -3 -43 32 36 38 42 35 12
-34 45 -19 -24 -40 -36 -20 24 48 11 42 -35 -39 22 -32 -28 -49 45 -1 -48
-31 -45 13 17 14 47 3 -46 39 41 16 -45 -12 -1 -19 -1 13 -37 25 -37
-24 17 -22 40 -11 49 -38 42 -4 -37 44 15 20 -41 34 -16 -44 -12 -12 45
31 6 2 -31 -45 -15 18 18 -50 45 -17 -24 -36 -36 18 3 15 30 47 -39
-4 41 26 -34 -50 11 1 8 1 -9 -45 34 48 -41 -47 -47 -6 -26 -26 46
-31 7 25 -16 -27 -7 -11 38 26 -13 49 -28 30 -22 40 -17 -9 -9 41 42
-15 47 26 -17 -44 -19 38 -47 5 -38 49 -23 -28 -24 -37 -5 20 2 -16 -4
-9 35 -30 -28 -37 -40 5 4 -46 48 -4 -11 45 24 22 4 -44 10 7 -37
-25 -42 -10 49 -15 3 -6 7 8 -20 -47 49 -34 -27 23 -21 35 30 34 39
29 32 -22 -24 -41 2 30 17 15 39 30 40 0 23 39 -13 28 35 44 -14
-34 -1 38 -18 -26 -37 11 -41 -4 47 49 -25 -18 29 -47 -9 -18 34 -42 47
-25 -10 -11 25 15 30 -38 -6 15 8 -18 31 -43 22 15 -19 36 29 43 -18
26 42 -41 -42 21 14 -49 5 -50 -41 -46 -24 -48 -7 3 17 -27 -32 13 -9
26 46 -28 34 -30 -10 17 -44 -31 10 40 -3 -46 1 -42 -22 -34 -41 33 -34
21 38 44 23 33 -2 42 9 16 6 -50 -8 -46 24 28 -26 -36 48 33 -17
8 -25 -17 13 27 -9 -7 -5 0 -24 -37 -29 16 -42 -4 -48 -42 41 11 24
-3 11 18 -47 -15 49 -23 0 47 -40 -15 -43 38 18 -28 15 11 15 12 -38
-6 25 35 12 -15 34 14 -7 25 -25 19 24 36 40 27 24 39 -46 26 -12
17 13 -5 5 34 -30 22 -5 35 36 7 31 -37 45 -6 -1 29 -42 -6 4
36 16 30 -26 6 7 48 -5 -37 -24 -15 -18 40 30 -11 24 2 13 -31 -12
-1 -21 21 13 26 -35 14 5 26 10 11 12 -24 -9 -12 32 0 39 29 13
-35 -36 46 7 -3 -15 -19 49 49 -47 39 -50 34 11 -35 -38 -22 -19 17 6
42 30 20 -32 23 -41 3 -27 48 34 36 -37 49 -16 -27 48 -28 -44 -1 23
-41 41 23 -5 -46 -9 7 -18 22 26 -9 14 -42 -39 -15 31 -30 -10 -46 -32
-26 -7 34 25 -21 -43 23 1 -37 25 26 25 16 -48 22 -28 -7 32 -44 -35
-40 -3 -18 -31 9 -31 2 29 9 -41 0 33 -46 -16 9 -17 43 34 -13 8
-39 -37 35 -21 -35 8 1 8 42 8 -24 -48 -45 8 23 14 27 -24 46 38
-15 -4 21 41 -18 32 -26 -25 -31 11 -15 -20 -23 -29 -38 -8 -19 13 3 -27
-29 29 27 29 39 1 -7 -32 -21 -11 -44 -34 -13 -21 -43 19 -38 33 -4 33
47 32 15 -26 5 27 -32 -12 -9 21 11 -36 -48 40 43 -7 43 39 11 -28
30 17 40 -32 47 47 -11 11 -17 36 -6 -20 -30 11 4 -23 -11 22 15 -18
46 28 -4 0 -30 -10 44 -36 31 -43 38 11 25 29 -19 -26 -22 21 -13 11
-41 31 -7 31 -8 47 -42 -17 -28 -25 15 -32 -47 -38 -30 25 -46 -36 39 -13
-28 -20 48 -1 -41 -20 -25 39 -49 12 -47 12 45 -4 -7 39 46 1 -27 -32
26 -10 38 -19 -46 10 -44 10 -23 -2 47 -49 28 46 0 -11 28 -23 30 -19
39 33 43 -14 32 -14 -25 -20 37 -50 -2 -35 -9 38 48 47 -2 6 8 25
6 5 -22 -16 -47 28 -25 31 7 -44 -38 48 -9 -45 -16 -27 -9 -38 3 30
14 3 -3 7 43 47 5 44 -44 -37 -29 12 -30 0 -1 -26 30 24 -45 -12
30 -32 -14 -28 25 -27 47 -33 -15 -47 -1 49 -42 -1 7 -48 -4 -38 46 2
27 19 -35 47 -31 14 -29 -50 40 29 -12 21 47 -24 -5 -26 -1 -8 43 34
47 -7 -14 -44 42 43 -42 40 7 6 -7 -16 -25 -40 -19 47 -24 -45 47 -34
34 37 -11 -17 15 34 7 17 29 1 1 26 -4 -11 -16 -12 34 44 -22 -9
-48 -27 -23 30 -17 9 27 -39 -34 -24 -22 -50 15 -31 35 -20 -46 -8 47 -15
-5 -49 13 41 42 0 31 27 -6 12 -32 -3 35 -4 -23 21 7 -46 -16 -25
32 -36 27 -3 -16 12 -21 40 6 29 -25 -48 30 -10 -5 22 40 29 -49 -15
-9 -30 -16 28 -32 -37 -1 25 19 -14 2 1 0 -21 48 34 41 29 24 49
8 1 -49 40 -6 49 13 -16 28 14 -29 21 -14 -43 -1 4 -30 1 31 39
37 -17 -10 -13 -36 40 -28 -45 20 -2 -45 30 2 8 21 46 -41 36 32 -11
-48 6 -40 -11 13 10 -5 34 13 29 23 0 14 16 37 29 -42 11 -14 28
12 43 -39 -36 -46 32 12 -37 18 -6 -45 20 -50 -35 11 -34 -23 -43 -50 40
-12 -25 42 -48 -7 -18 -17 2 43 20 32 -43 -35 43 23 -31 -23 -15 35 45
-18 40 16 34 7 29 -50 -13 36 2 -23 26 -20 -30 29 23 2 14 27 47
-16 -38 7 -48 7 -20 -29 35 -32 8 30 -48 -50 48 36 8 28 37 45 -34
41 24 43 -29 -4 -26 -3 0 38 26 -50 25 38 7 27 -4 -11 0 -19 -41
-41 13 -39 -41 12 48 -31 -10 -13 16 -42 -22 43 -49 -48 -11 27 -1 40 16
-25 -8 -9 16 1 -32 -38 40 18 45 2 -21 8 13 41 -30 -37 -40 -38 0
27 23 -19 20 -24 -17 11 -46 -16 -47 20 -39 -5 13 27 46 -17 -9 -11 3
38 41 33 -3 4 24 -31 18 -14 34 20 15 7 -49 37 33 36 -1 37 22
2 -41 -14 0 -26 15 -4 -41 -43 -13 13 -3 -22 48 44 -15 -26 -36 -47 10
48 -25 -24 -43 29 -37 40 -33 -36 -20 40 17 41 -24 19 -34 41 -35 27 0
3 -10 48 -17 -12 -6 18 -36 -40 -27 25 -42 -1 3 17 -22 16 8 47 -17
-10 37 -50 -19 15 -29 49 -41 -14 27 9 -9 19 -41 -23 10 4 45 24 14
-31 -1 -25 -30 -48 42 -50 -29 -48 47 4 -8 -13 -44 -24 -48 29 27 -39 -35
4 -27 -41 -26 34 -14 34 40 33 -40 5 4 10 -18 24 -36 26 -24 37 -19
-26 43 23 11 1 1 -35 -20 -21 -23 48 33 -48 9 9 36 -3 45 27 -20
-44 34 35 -32 18 -39 -18 -6 -12 22 25 12 15 -49 25 19 2 40 49 31
19 -1 -33 -27 -42 -22 -40 5 -26 -11 36 32 -27 -27 -50 -7 36 34 37 -26
6 -35 -12 24 18 -37 -7 -30 6 44 4 27 -6 -27 -49 2 1 13 10 -23
-48 48 -41 27 -29 -41 -30 -43 44 9 34 -48 24 -28 26 -8 38 21 -35 46
16 -29 -25 12 -6 -24 -36 45 39 -24 25 -7 -26 34 -30 47 -4 42 7 42
2 -9 44 28 -35 -27 23 5 44 38 1 -38 11 27 24 -45 5 -9 2 47
-31 -23 -10 -6 14 -37 -9 -40 -45 48 -48 -41 41 46 38 -43 21 11 12 16
-49 16 -20 12 45 7 17 0 0 21 49 19 49 42 15 13 -45 -43 23 12
7 -23 22 -1 -27 -38 6 45 23 20 -37 24 -14 45 -14 -19 -46 5 -16 4
-24 -17 26 27 -25 -9 42 32 -2 -33 47 -44 -6 -29 -43 -30 -17 13 17 -44
-17 30 -18 -28 -23 18 -45 -18 25 -11 -12 -49 -25 -36 -19 0 -42 -27 35 6
-9 32 -36 35 -47 -29 -45 -14 -14 -26 44 -28 6 -24 -6 34 -4 -1 18 -29
-9 -44 24 16 23 -45 18 31 -21 -45 39 -28 37 6 9 -8 -21 -33 -20 16
-9 -26 -10 48 -48 34 32 -2 35 0 -29 28 -42 46 -6 31 3 15 -36 32
20 -46 6 -40 10 -34 -46 39 -17 -15 -43 24 9 -3 22 -36 -19 -44 12 19
-42 -14 -3 -33 -18 -6 0 -13 11 15 22 33 19 -22 -5 31 -6 0 20 27
35 28 -46 46 27 26 -40 11 -15 -25 -20 -7 11 -21 -38 -5 -25 13 32 -12
30 -44 -28 -1 -15 17 32 29 19 -46 -41 4 32 -37 -47 -38 -9 -37 23 26
40 -47 -30 -47 34 -18 -50 12 -3 33 -50 -23 39 -28 -22 26 -8 -40 6 -39
-35 -33 -32 -1 -20 -29 11 21 36 -16 -2 27 39 -30 30 24 2 31 -14 -50
-34 -14 -23 7 -39 6 36 -45 -32 -8 18 -17 -39 36 33 -9 -43 46 14 -4
-19 -38 -27 -30 -18 5 -4 -13 38 -16 -13 6 -27 -34 16 -16 -26 2 41 -7
44 9 26 -45 -4 -39 48 -45 -42 12 1 41 -23 -24 -39 -39 -16 -40 -2 -28
-6 -13 -19 17 4 47 3 -20 -1 -6 23 45 -46 -48 2 -48 15 0 -43 23
14 -39 -34 41 -13 30 5 -27 40 -47 48 -16 43 -21 4 49 -24 9 -21 25
-46 5 -28 10 7 24 12 24 26 19 -50 -10 -18 -34 34 -28 46 -11 -5 36
44 -7 23 -11 22 29 -12 0 -12 18 27 -8 25 49 4 34 23 -34 8 -1
-12 8 -8 20 25 28 -6 -27 19 40 -40 13 35 -15 5 -40 -36 43 10 -46
-37 -12 49 38 -13 3 22 13 20 33 14 10 -9 -44 32 18 -14 -23 42 -45
19 4 -29 4 39 26 -34 5 19 27 9 -15 17 8 -27 6 -38 -2 -31 -16
-19 -14 -4 22 44 -22 43 -19 -43 35 -14 26 -11 -41 33 -22 35 49 -15 -43
-22 44 -8 45 3 -33 -46 -33 15 25 -47 -2 -39 -1 23 -44 27 16 -13 35
-47 -25 -37 -8 -15 46 -28 22 -2 7 -19 -22 1 23 -26 6 -7 30 -25 10
5 -22 -41 17 27 -16 23 5 -50 12 42 -47 37 7 47 24 4 -31 -3 4
-22 28 32 -19 -46 8 -10 49 -12 15 9 -4 44 -30 -37 21 4 -12 28 -44
2 20 11 -11 -22 8 16 -16 -21 15 -10 -41 -7 -28 -9 49 -17 31 0 -27
-4 -40 19 -10 32 32 14 39 22 -8 45 -26 15 -41 -34 -5 17 32 -19 -1
-3 21 8 -8 -5 1 44 28 -18 -6 -48 -19 -44 21 -27 -9 -44 37 -20 -20
-20 27 5 45 36 -27 42 -44 -45 -27 -43 -46 44 15 -4 41 19 -10 20 -49
-13 -26 34 -7 45 -42 34 3 45 16 34 27 -6 41 -26 32 -36 -34 -10 21
-11 -3 25 35 15 -29 27 -16 -36 49 37 1 -27 22 -4 20 -18 -19 -26 -23
-1 10 -45 43 1 31 26 -33 48 18 38 39 -34 13 25 31 -14 -46 17 0
-47 4 3 -24 28 2 46 -40 -15 22 -12 34 34 45 28 -15 -22 -44 -46 -24
24 42 -34 -8 -43 -7 25 -6 49 -8 -4 -48 47 -50 30 -23 2 -22 -12 37
-49 -22 -27 35 -27 -49 23 -47 9 -21 -20 36 -28 48 -22 -21 43 -46 -25 42
48 22 -4 45 -26 -24 -27 -22 4 -37 17 -43 -9 40 -5 -34 42 20 -31 -47
49 -49 39 -29 49 20 -47 -6 -24 -22 -14 -26 2 32 22 26 10 -3 -46 -35
10 21 24 -49 12 -31 19 -44 39 38 -41 -9 40 1 12 -9 23 -33 36 49
48 -28 25 0 7 -3 -23 -33 -4 -19 34 -44 -47 -39 9 -33 -20 -22 -27 22
19 34 -37 9 37 -23 -50 10 47 -12 -39 45 -37 37 -5 20 36 22 -11 -17
6 26 41 -39 37 1 -22 19 -19 1 -9 -50 37 -44 -39 25 36 14 37 33
-48 49 28 -35 -12 -27 -13 26 -2 27 -41 -46 3 3 -35 -10 6 45 -41 37
48 -47 -10 35 11 -47 10 -3 17 -50 -20 20 49 -42 -13 -13 34 25 -37 -18
2 25 38 7 30 5 -1 -14 0 -40 25 -2 15 17 35 -23 21 48 24 -12
48 -45 10 -1 15 48 -12 -1 23 -47 -17 27 28 -29 36 8 -22 -15 -4 -20
47 -28 -20 13 39 -34 40 -38 -36 14 1 14 -29 13 -37 37 11 1 38 36
4 -28 -35 35 45 -49 45 26 38 -8 -44 36 -34 -13 -1 7 3 -11 20 -31
5 23 -15 -21 -14 -2 18 0 1 6 38 -45 -20 6 -8 28 -41 -12 4 48
-18 10 34 -50 47 35 7 -48 26 29 23 33 2 -42 -38 -9 6 30 41 9
39 -19 -33 -31 37 9 47 47 -1 -47 45 -17 14 -19 -17 -37 18 -7 -34 46
24 39 29 29 0 -6 -30 8 -26 13 -32 15 44 -15 35 -16 -4 -16 -19 46
-12 28 31 4 11 17 17 31 12 -15 27 -14 27 6 -35 -23 -50 -15 -13 27
48 5 -8 -5 -8 29 29 39 16 12 -13 6 -10 -32 -40 3 35 -21 -16 -3
-33 -39 -14 44 -31 1 23 22 -11 -40 -1 -13 -32 -7 -16 10 25 -37 -1 -9
25 -12 47 17 7 9 -30 44 38 4 44 -45 -33 -20 1 -13 -17 26 -41 22
-11 -40 12 7 -45 46 19 30 12 21 23 39 -41 -28 -41 16 31 -21 -37 20
-14 -43 -23 -45 39 -19 -8 -28 -43 -47 -3 -4 15 -41 5 21 7 -25 -47 21
-2 27 11 7 1 -28 26 -17 1 39 5 -11 -2 32 47 39 15 41 13 23
45 -40 21 -38 21 29 -15 -21 6 -11 -50 -46 18 -37 11 -31 -15 -13 -46 -11
28 9 -20 28 44 -23 17 9 -31 -19 34 16 43 6 28 15 37 -36 44 -7
-45 -4 49 23 -38 -38 -6 -3 0 -1 -12 30 10 19 9 4 -2 -24 -36 17
-41 48 -17 -47 -44 14 18 43 28 -36 38 33 10 37 -42 22 -50 -46 22 -48
-45 -40 -16 16 -19 43 -30 30 22 36 -3 31 35 -17 34 -7 47 2 -13 -23
-32 27 12 29 -33 -28 -47 19 -24 -23 21 34 40 -45 0 -29 1 20 3 -27
7 3 -46 44 -12 -9 -13 37 -5 -24 -36 14 -46 -22 45 -29 0 0 -8 -22
28 -37 -38 -30 20 -36 43 23 35 -3 46 44 -50 3 38 -12 -4 27 -25 41
-46 41 5 10 -31 -48 -17 -29 3 25 -49 33 -10 16 -47 12 -18 46 -14 19
-7 34 13 45 39 -47 35 -15 -17 12 -23 -13 3 -16 -1 -26 -13 32 47 40
-41 1 23 -1 19 26 -39 -49 -26 49 21 18 34 -16 -35 -25 40 -49 11 -27
13 38 -38 19 -28 11 -5 -39 45 -7 -49 -46 -4 -24 -45 -35 -48 18 -34 29
-30 37 -3 -46 24 -36 31 -34 -35 -8 -11 -19 32 -47 -50 7 -34 -5 18 -39
-10 20 17 36 -2 -26 -49 -47 42 20 32 -38 -41 -21 18 33 -7 0 1 -39
-6 -8 -8 -23 -5 44 34 11 -11 2 -26 -18 24 41 -32 -27 -35 22 -24 10
-8 -42 -26 1 39 -5 37 34 45 -12 -3 41 31 39 -32 28 -15 4 -10 -23
-43 14 9 -17 -42 -21 6 -27 -49 -16 -15 -7 44 10 -3 33 -45 -16 -30 2
22 17 -7 -45 -41 -36 34 -6 18 26 21 -23 -10 32 11 -2 -38 19 -26 -37
6 9 -41 0 21 6 36 26 40 -44 30 -36 -25 26 -30 -16 40 6 -19 8
-18 4 -12 -26 -13 49 23 -1 -30 -1 12 26 -42 21 -23 30 29 15 -42 19
-27 39 34 -2 15 6 -15 -43 14 16 -33 46 -30 5 -30 7 4 -5 8 25
44 23 1 5 46 -20 -15 26 45 45 -5 -32 -14 31 -31 3 39 4 10 3
22 28 -49 42 -17 -28 -48 -10 -31 -38 17 -36 35 20 19 32 -49 6 -40 -2
1 5 -31 -10 39 -12 43 28 -6 4 34 -34 -18 35 10 -33 9 -36 7 29
-23 26 -5 14 -3 16 48 -2 -28 -42 -2 -25 -34 17 15 -45 7 9 -15 3
15 21 19 -1 7 32 16 18 -2 26 49 -23 2 -6 42 49 -40 -8 49 34
1 -50 12 -31 -31 29 26 27 40 -39 -20 5 33 2 -46 42 36 -27 10 -16
49 10 12 -47 6 -44 -47 -31 -2 4 5 1 4 19 20 24 -1 -4 -47 41
-40 -17 -3 -5 -13 -47 -13 25 -24 -1 -40 27 11 -26 31 20 -20 -14 39 28
40 -6 -20 -5 -36 2 21 -35 49 24 -44 11 9 -45 -44 47 -41 45 22 37
46 -16 -33 8 8 48 -22 38 36 19 -31 26 15 -49 23 -19 3 -6 -4 -46
20 -45 15 -20 -40 21 29 21 -32 -47 9 -35 -12 26 23 46 -24 3 -13 -38
24 6 -10 -11 -41 16 21 12 12 19 -31 -17 24 34 13 35 -42 44 6 -24
47 17 -9 -15 45 16 34 -29 21 -29 35 -5 -21 28 -13 -12 -6 -42 2 8
27 21 41 2 6 -44 39 -34 -50 -5 -8 48 -37 -14 35 10 4 19 32 28
-8 -31 -27 21 47 10 -41 43 -30 12 -46 48 35 -3 -48 -9 4 41 7 -44
38 2 6 3 -10 44 -36 44 13 46 22 -44 17 -2 -21 -33 10 -11 -40 -17
3 -36 -19 -12 12 35 -18 18 26 -9 -24 14 -5 -15 -32 35 -21 -18 -18 -6
30 6 -48 49 -46 -18 -34 -33 -27 -23 0 -22 43 -17 -32 -43 20 -48 -23 -4
-6 -44 12 39 -9 -18 -23 -28 -34 9 -32 -2 -35 -29 -2 22 -45 14 -9 30
-7 -7 10 39 -22 28 46 48 31 26 46 27 32 8 -32 -27 -7 -5 47 -39
6 17 10 -26 -10 10 -2 -5 -26 39 27 -30 -18 -13 -41 -38 -34 7 -40 -1
-17 -44 28 -35 14 46 40 9 44 -11 21 -48 -43 33 -24 -3 -7 24 -5 17
-35 -28 -11 49 10 -50 -39 -22 8 -29 -21 -7 -23 -43 9 -6 5 -49 5 -49
-9 -24 6 -50 -41 32 -3 2 -41 42 22 26 17 13 26 29 14 -11 -43 -28
-37 38 15 42 -3 26 -14 4 -20 -6 6 -27 20 -38 -27 -18 -4 20 -14 -43
-35 10 34 32 -26 -38 -37 38 -47 -30 12 -34 10 29 -41 9 -42 47 -37 -12
-9 -29 11 14 35 34 46 34 -44 34 41 23 -5 -23 -43 -29 -11 -30 -41 45
42 -27 -39 -46 -48 -30 13 -40 20 27 -50 -39 48 11 25 -14 47 -27 -30 6
10 -39 -21 -45 41 39 -24 32 -41 37 27 4 12 39 8 14 11 -28 -23 -19
1 -23 -7 -1 -9 20 -13 -12 -4 7 44 -44 -29 26 13 -38 15 -9 44 -24
30 22 -18 -8 -37 41 8 24 15 -13 -44 -34 15 -49 -33 8 21 5 -2 19
-38 -7 25 -17 21 40 47 38 33 42 -36 13 -34 49 7 -21 40 -34 -47 5
3 -41 21 20 -40 38 30 -16 45 -21 -47 -42 22 -19 43 45 23 -7 33 7
-15 -1 22 -47 -2 -20 -18 40 48 37 -5 -47 47 18 -24 9 -41 -44 -5 -46
-15 -1 14 9 -18 -40 4 -45 3 39 -36 -10 41 37 -7 41 19 -23 32 -31
-36 29 -28 -39 -2 -2 -27 -41 -43 18 -37 -8 19 -20 4 -49 -10 10 9 -5
0 -25 35 43 -38 30 34 -17 -43 16 2 -29 48 -23 35 48 -23 10 -43 -16
-22 22 -21 0 -48 33 -47 44 -7 12 -11 -5 38 -26 -12 2 -46 -27 -12 13
-9 -8 35 -11 -29 -28 -13 -1 32 -6 -15 12 19 -34 -38 21 49 -34 16 45
-20 7 42 20 32 -19 25 -12 -44 15 4 49 -43 -11 -11 31 11 -22 32 45
-25 -33 7 44 -16 -28 -33 35 40 -15 -18 22 43 27 -7 -23 -42 20 -33 16
-15 21 15 44 12 6 25 25 -13 7 20 12 -23 30 -42 -37 -48 -25 0 42
-37 -15 14 8 -38 9 35 22 -21 4 40 -34 -24 -43 13 38 14 40 -34 3
-50 36 17 -23 16 25 42 -30 2 44 14 -33 -21 -21 25 43 -10 -38 15 -28
17 -43 -12 43 -35 3 -17 -19 -6 -1 34 -6 38 1 -27 -44 -24 17 -23 -20
11 41 -2 -7 22 -27 -14 -37 -14 4 -15 5 11 -25 -50 26 29 -17 -43 25
-15 -7 -31 25 44 44 31 22 11 10 5 -28 2 -47 -33 26 28 4 -9 16
10 26 -29 -29 4 -29 0 35 -43 7 10 -8 -49 -19 19 -3 -25 0 -30 -12
-39 -23 -38 -35 -20 -20 41 10 -14 -17 -23 46 11 -2 -33 17 20 17 -46 27
27 14 21 -20 -3 -10 27 22 -8 -1 12 3 26 25 -30 8 -45 14 -31 -9
-1 -4 39 12 44 -44 32 -34 -24 36 43 -47 1 -34 -17 48 6 12 -27 49
-38 -13 -46 -10 -38 27 49 19 43 -32 12 -8 14 1 6 -40 -40 -12 -23 -14
-25 22 -11 -22 39 -26 -24 47 36 -49 -2 0 41 -45 41 -47 32 40 -25 25
10 37 19 -26 -11 -25 36 -1 -34 -37 -13 -9 -12 -22 19 -23 2 -3 26 40
-49 -25 -9 42 -20 34 45 14 -24 -30 41 36 10 10 12 1 -13 -2 2 3
-36 39 44 2 -33 -35 -19 -29 13 -43 13 -34 34 -46 -42 -36 -10 5 28 16
-22 19 2 38 31 -36 41 -31 -35 -7 -26 -21 -18 21 -17 -49 36 14 24 -49
-27 -13 -33 -42 44 27 24 -16 -17 3 3 11 24 -45 -49 -42 22 42 29 37
-15 -47 -34 -31 24 -49 22 -37 -33 -4 16 -10 -15 -14 -50 -21 -37 25 -34 -4
30 19 9 -44 24 10 -36 48 2 43 35 -11 -1 3 8 25 4 32 -10 21
-22 -43 14 14 -7 14 -5 -42 41 11 -43 -27 32 16 -20 -41 29 46 -43 33
-8 43 -27 41 48 -17 16 3 18 -43 -26 46 16 -10 -38 11 -45 -40 19 -2
-27 -22 22 -44 45 4 17 -24 -48 24 -41 -6 -31 34 -15 -32 20 4 -27 -12
-37 -3 36 29 -10 1 42 47 11 11 -5 -14 40 19 -8 -13 -27 11 -35 -24
-14 -26 -28 -43 11 -40 -25 33 14 -2 -29 -21 -2 9 -42 38 -40 -50 35 -27
-37 32 10 5 2 4 -6 -23 -34 9 -45 -46 -14 -22 -39 -1 -12 39 -18 4
39 3 33 -13 -38 -7 27 25 45 -36 48 -42 -1 -40 -34 -49 15 -38 -22 -17
22 -16 -13 10 -36 -50 -41 2 39 -9 -44 29 -4 39 18 -40 -18 48 35 -23
-38 -14 37 11 -4 5 -36 13 18 45 -2 42 31 35 2 45 -12 -37 -3 -23
4 -45 -44 -50 44 -23 12 28 -25 -2 7 39 34 46 -47 32 2 -33 48 22
-38 -4 14 -5 34 18 -10 -28 31 37 -49 37 -6 10 -11 -12 37 -49 18 -38
-49 27 3 35 24 6 -30 28 -24 20 0 40 -34 16 -14 2 36 26 24 17
-34 26 -44 10 -14 -5 1 25 48 -31 -11 -50 47 42 -13 -27 -49 7 -49 -23
-23 -47 -33 46 19 3 -2 5 32 25 24 48 1 30 -40 -11 27 11 -36 25
-17 3 25 32 47 -37 7 48 -28 8 -25 -48 -37 45 48 -16 -50 48 -9 32
23 17 -18 -26 -3 -7 -35 26 6 -21 -47 -9 -16 -19 -27 -18 -6 30 -20 -32
40 -42 -30 -47 -47 20 39 -47 19 -20 -12 -8 47 20 -31 46 15 -16 -26 -28
-34 -22 13 0 9 -11 -16 5 21 -33 -25 12 -25 -4 -33 30 18 9 33 39
39 23 -18 -11 -6 -47 -15 -41 -13 10 33 -45 -10 49 6 49 40 -8 -44 11
9 -19 25 -14 -21 -5 18 48 -46 2 37 43 27 21 -18 -29 24 -30 33 14
-18 -32 19 22 -33 27 -27 -43 -30 -21 -29 -19 10 46 -30 40 -9 38 -10 -5
42 29 41 20 -47 25 -7 -21 45 -24 43 29 -5 13 1 -36 42 24 24 14
-47 45 46 -34 41 18 8 35 6 0 32 -49 31 23 21 34 -49 -36 -36 -2
43 9 -22 -12 24 29 -46 17 -44 28 -19 11 23 29 27 -33 -3 37 -48 6
-13 34 7 21 -40 30 5 -39 44 -29 9 -11 31 37 -21 -43 -31 -16 24 27
-38 8 -12 -12 -13 18 5 -13 5 -41 -5 -5 43 -48 18 5 32 -27 16 -22
47 28 18 -20 -33 47 -13 -14 33 14 -37 46 -28 -46 36 -39 22 -9 -50 29
0 -5 26 45 49 -6 -47 31 -30 -29 12 -33 49 32 49 -33 -19 -14 -45 -35
2 -31 13 -24 25 -1 -12 -3 -8 40 -24 -6 -14 5 41 -15 49 44 19 21
