10000
-18 -18 4 -38 2
6 -42 -20 -6 44
-6 -11 15 -31 1
41 -49 -45 39 -16
-25 8 -30 1 -12
15 -20 -43 -30 -40
1 -32 -7 21 47
11 -24 -45 7 20
15 -50 25 -21 36
43 37 37 14 25
38 39 50 -43 -10
-13 -12 -14 -6 -26
-4 45 -7 39 -18
-45 -35 8 27 22
45 -42 -12 19 -13
-26 -23 40 27 42
-19 -20 30 -20 -13
36 -17 26 -29 27
50 18 -13 -42 -28
19 31 -12 44 7
26 4 15 -36 39
19 -46 -34 -26 -3
-43 -29 28 3 -33
31 -11 0 -28 10
43 39 44 -20 47
-34 15 -7 -30 -26
17 12 28 48 -8
17 -18 -4 -1 7
10 6 -6 -13 25
12 -33 -37 -39 -10
-10 -46 45 50 -50
7 32 -19 -50 -49
6 17 -20 50 14
22 16 13 -32 31
-31 -6 -48 13 31
28 41 14 41 -48
20 47 23 14 47
-11 -29 28 20 -29
-4 -25 4 26 42
34 -3 7 -4 -19
-12 -19 25 -10 11
-29 34 1 36 -9
-31 -29 -13 8 36
50 47 23 -6 17
10 40 8 -37 -19
-1 13 -6 23 26
26 27 23 -34 33
50 -46 17 1 6
-43 -14 27 -40 45
-22 -40 7 -50 4
-27 10 -41 -2 -11
-10 47 19 34 -15
-6 -25 -39 33 -42
11 33 -38 -23 50
-16 -50 -15 -40 -40
46 -11 37 3 -45
-10 -8 16 -35 40
21 5 37 -11 -45
38 -1 47 50 -18
-46 10 31 33 3
30 -34 3 -36 44
-21 27 49 -34 -21
-47 -28 21 -15 -46
11 -44 -25 -37 -39
-20 -50 -23 44 16
-25 14 42 -45 -3
-6 35 -21 13 15
39 9 -9 37 -9
-14 7 -21 -43 42
-17 -16 14 9 -3
26 5 -37 -48 -2
-4 -23 -38 -13 49
-25 -2 33 -30 27
-37 -41 -15 5 12
26 7 -32 22 14
-40 -46 14 24 13
27 -35 -32 41 34
-18 -14 27 -40 -11
25 -15 37 -27 -28
-20 -13 -19 15 8
9 -43 -36 28 29
-5 4 33 -42 44
-38 36 -41 47 -8
43 45 -6 20 -45
33 -40 -10 -14 -16
12 16 21 9 47
45 -32 -47 -42 12
-2 -31 -35 48 -22
-42 -41 30 34 22
-29 -7 16 15 29
21 -37 39 28 -1
-28 -45 -36 9 15
-39 3 -1 31 -22
27 -21 -3 42 -24
-9 16 -49 -30 0
23 -43 9 -46 22
-13 26 36 -25 -31
-50 -36 -26 -35 23
5 43 43 -47 23
37 30 18 50 -13
44 -9 -47 11 -23
-31 -17 -15 28 -12
23 -36 30 8 -45
49 9 -31 -28 -10
9 28 -18 -33 -3
21 -47 44 -11 -48
47 49 -41 16 10
-13 35 9 -12 -22
13 -40 -42 -42 -15
31 -44 10 50 46
16 -26 -11 14 -9
2 -16 -40 -39 -11
30 -42 -46 39 24
14 42 -25 39 -21
-31 -32 -44 -22 -24
-43 -42 -17 17 24
45 -18 49 -17 46
-45 1 46 33 13
-15 12 21 -11 -34
-40 19 -42 -15 -27
-47 5 -9 26 -1
18 33 -27 17 -35
47 11 -37 11 10
25 -17 27 21 -35
-11 22 -7 26 27
9 3 -39 -17 38
-16 -13 -42 26 29
-27 -41 12 -4 26
-7 -41 -48 7 20
-22 -19 19 -46 18
34 -40 -11 -24 2
32 2 -46 43 35
9 44 -29 -17 -15
17 7 -6 -22 19
36 -13 28 4 44
-36 -2 -25 33 -32
9 -17 -22 49 -25
31 -4 27 1 -11
12 -41 -18 -1 -7
-17 -35 50 27 -41
18 -22 -3 -38 32
-44 -24 46 48 25
-37 7 -43 -42 5
-17 5 -50 26 -45
-45 -47 -35 -47 3
8 -14 -16 -27 29
-40 7 -44 -27 19
4 -21 11 -1 -23
-14 13 34 -41 21
-46 -42 -25 21 35
47 27 38 -39 -4
-44 -15 33 -43 -26
-23 -33 32 -16 -10
-34 38 19 -6 -47
12 -4 -18 -5 5
-48 -1 14 44 37
-36 40 13 18 18
25 25 -48 -27 32
-23 1 15 25 35
21 7 -12 -11 -50
-43 -49 -4 -11 -38
18 -9 -22 -19 -50
-36 -5 41 -7 -38
8 -33 3 -24 -9
-50 -31 42 -19 10
-8 -49 -33 -4 -9
34 4 -42 47 43
-30 14 -50 -36 11
-50 -22 22 7 21
0 31 39 20 -43
46 20 -24 37 -49
37 45 19 20 -10
-41 -31 44 34 -35
37 21 -5 37 35
-45 3 -37 -7 -40
0 44 41 -12 13
48 -17 49 41 36
16 -7 30 -15 29
-30 -40 48 30 11
-37 16 -19 -26 -32
32 47 22 11 -11
-2 -39 49 -12 -1
-23 -48 -1 -24 9
-50 8 -49 31 9
30 17 20 27 -4
47 6 29 -23 31
13 25 27 -50 -14
32 -2 -3 31 3
12 -43 5 27 50
-37 28 -26 31 -26
33 -24 41 -32 -48
-48 -36 -25 -3 -43
22 -40 33 -36 -40
-32 46 -25 15 -8
28 43 -34 -18 20
-35 -39 -3 -45 8
21 39 34 -23 23
36 46 38 27 -7
45 -2 -31 -7 12
46 11 -26 -30 42
16 48 35 32 46
-30 14 23 17 19
-20 -47 -27 -37 47
47 16 8 0 -8
-50 -6 7 36 4
35 32 -36 -42 -49
23 -9 16 -27 -28
11 -7 36 -50 -41
-29 -20 29 -6 -6
25 -10 26 49 6
-33 50 17 -10 1
-30 -25 -18 -50 50
-50 23 -10 16 46
-21 43 -12 31 43
-37 -49 40 42 -4
50 -18 2 25 -19
-42 8 47 25 49
-37 11 40 -4 11
39 -38 -16 46 28
46 -26 -14 -16 -46
46 -37 23 35 22
-32 0 20 -14 -26
17 -40 32 -21 1
30 -7 -39 -15 39
-11 -26 -50 23 36
-6 -16 -41 -4 -16
30 -9 -2 2 42
-31 -14 -9 5 -11
-19 -28 -1 -37 1
17 9 44 -6 45
-2 33 35 -2 -29
20 8 6 -5 -46
40 41 -39 -47 -7
20 39 -5 27 -6
34 -42 16 50 38
33 16 -4 27 26
-44 -26 9 41 -11
-4 -24 47 18 -13
-50 8 -22 29 -23
-13 -2 -34 32 -26
10 16 -18 42 15
-31 24 47 -18 -34
22 -12 -9 47 46
-4 -7 38 -8 27
-25 -41 -16 -31 38
-22 6 -49 -6 -47
-25 20 19 -26 -23
50 -41 -50 46 -43
34 -16 -38 41 -20
-43 -14 -11 45 28
-34 36 3 -34 21
-44 -6 -24 -43 4
-20 50 -27 15 -27
0 15 49 -33 -24
23 17 10 35 7
7 42 43 46 2
-14 28 -46 40 11
25 46 -46 18 -47
-25 14 19 -36 -22
8 -19 9 6 -2
36 -22 31 -5 -38
-13 -49 20 -21 14
39 -19 -9 43 -30
-49 17 33 23 -50
2 48 14 -30 28
43 28 -42 -33 50
-28 -48 45 -48 -2
-44 -11 -35 -7 -16
29 -19 16 37 -27
2 4 6 -16 43
7 2 6 37 22
-16 29 -35 -8 13
-35 15 15 -41 17
29 32 23 45 41
-44 -11 -29 -12 42
-40 41 -4 17 41
-12 40 -7 45 26
31 -22 -29 13 20
34 28 -50 -2 3
18 44 -50 -10 38
42 -38 43 -38 -33
35 -27 -43 -20 6
14 -16 -5 23 -22
37 -30 -28 -43 33
9 41 -24 9 -45
29 -24 49 29 -18
2 20 -39 -6 33
-22 45 22 -49 41
-23 15 -25 -12 -46
-31 -26 -26 -42 49
23 17 39 49 -25
10 27 -32 -26 -29
-34 -8 8 -23 3
-44 5 -3 28 6
-12 21 38 -21 -42
8 -2 49 -2 6
47 -30 39 2 -32
-36 28 11 49 -48
-2 -36 -6 -45 -8
47 -39 13 -40 5
-31 -2 -25 23 27
50 -20 41 49 28
-37 45 48 -49 -38
32 32 41 -42 30
43 -28 11 -48 -22
-48 16 -45 15 26
11 0 40 36 -28
-18 2 2 -28 0
46 -49 -40 9 20
40 -10 1 30 -36
48 -12 -13 8 -10
-19 10 22 -48 41
-3 13 -43 -48 -35
-21 -16 17 -2 -27
33 -41 -26 9 19
44 -2 -42 -39 -23
40 -42 -19 43 -18
-12 40 8 -41 42
-2 -27 5 5 -25
-14 1 10 19 15
33 1 24 23 26
-8 17 -26 -33 -6
-33 23 -32 -1 15
0 37 4 -43 12
-39 -29 35 -18 27
-40 18 44 20 -14
-26 2 3 48 -26
46 -44 7 36 40
17 -48 12 35 -33
-24 -16 20 -4 -9
-18 -27 13 -34 6
-45 -24 -27 15 12
-24 39 30 -5 2
21 -44 8 -23 42
-3 11 11 25 -5
28 17 -4 -36 -38
3 -4 -14 32 -22
8 37 -29 -3 -33
33 23 22 13 35
-26 -17 41 -2 -24
-1 12 3 -41 -14
49 3 -47 -40 17
32 13 29 34 -5
-43 -9 48 45 39
32 -7 -23 3 -45
28 27 -46 19 -25
48 -33 3 -34 43
39 31 -5 8 41
-38 -10 4 41 40
15 14 -19 12 8
36 -7 -49 -38 13
23 41 -11 -6 -25
-20 -43 -42 33 -27
-50 -12 -46 -5 46
11 -27 -49 -36 31
42 -5 -6 39 24
19 24 33 -14 2
-5 25 -42 35 -32
50 31 42 -43 -20
32 24 -16 2 36
46 -38 -42 48 44
39 5 -12 50 -7
-39 18 33 45 -47
-50 -11 28 -41 40
13 -42 -13 -30 33
17 -49 6 17 3
-43 12 16 -34 -25
-25 21 30 13 20
39 25 -47 -13 -15
-44 -12 24 1 -3
-20 30 -29 17 50
-47 50 18 -24 16
37 -17 -23 2 -35
3 -7 3 49 -44
-28 38 -3 -24 -26
32 49 -22 -29 -35
25 1 45 13 34
11 16 33 -22 8
-36 -36 8 -8 -17
-11 11 26 42 -25
-2 -36 29 45 -44
20 26 -46 48 48
37 -11 -36 31 -49
49 -43 -17 31 -49
42 46 -34 -35 -47
-35 4 -20 7 -38
5 -45 43 -50 50
49 20 -8 19 17
-11 -29 -45 3 -48
-44 1 26 -10 49
28 48 10 10 29
13 25 49 9 48
-40 30 -48 -48 30
19 17 -1 -40 -48
-34 -1 -27 38 18
42 45 36 18 -50
34 -39 14 -7 21
-8 22 -5 -10 47
-8 -33 26 -39 36
6 30 -31 -46 40
38 37 -46 27 25
22 19 -15 -27 -48
-15 -44 30 49 -35
0 -44 3 11 -4
-1 19 -21 -25 30
-35 -3 -25 -16 1
-36 -29 -12 35 48
29 7 -18 -37 -4
-50 -2 3 30 -38
-16 -21 -32 4 6
-20 -48 -25 10 44
-46 -9 -10 -20 25
8 -40 12 12 46
9 -10 -32 8 3
14 -26 17 33 -46
29 -33 50 13 -13
6 43 -11 31 -32
50 1 9 -45 31
50 13 8 11 -26
3 37 14 -13 -40
33 17 -16 -1 0
-12 -23 -17 -46 6
20 10 -35 25 -44
-17 -10 7 9 -4
-46 -26 25 12 36
50 31 -12 -21 -33
-2 29 34 -2 -23
50 37 -29 -18 7
27 18 -34 42 -41
-28 42 -1 29 -34
45 33 -10 20 -40
-25 -15 41 -21 -20
24 -7 -42 -26 42
-48 -27 -6 -27 -28
-50 16 6 -34 8
15 -46 -35 -36 -1
-19 25 -18 21 -40
-42 13 -5 50 42
-8 23 -49 0 47
43 -32 37 -14 -9
25 -14 -43 -20 -32
-19 46 -28 -38 26
21 -7 0 19 30
11 28 -8 22 -7
-50 -37 -35 18 -20
29 10 -2 -19 12
6 -45 48 -21 -49
32 -24 47 -47 -12
22 -10 31 39 26
-24 -35 3 -15 37
46 -49 17 27 19
47 -29 -22 -40 -32
40 -18 -27 3 11
-25 -16 37 38 -47
41 -24 -41 -13 31
35 14 46 -47 49
32 15 50 -2 -8
18 -40 -21 12 38
-2 -33 -31 -13 20
-3 -22 20 50 -34
23 41 -42 32 44
39 -17 7 34 -14
-29 -19 -49 37 -4
-41 -30 6 -46 32
-41 2 49 46 6
-16 -42 34 -47 -43
16 -8 14 24 -26
8 -22 -27 31 -39
9 -48 -41 -24 5
5 -49 26 27 -44
-27 37 -26 39 32
30 -28 40 -20 43
13 46 -16 -23 -14
-26 1 -20 -3 48
-42 23 50 -33 49
-29 22 -50 47 -2
23 36 -16 47 24
32 -7 13 -13 23
5 -50 -16 5 44
-14 30 -40 17 43
-43 25 15 24 42
14 45 13 -20 7
27 -48 -8 -39 15
-34 9 -43 -5 47
-4 16 13 31 -30
6 33 16 -18 -1
9 -11 40 -27 -38
31 3 23 -41 -1
-21 37 -33 22 14
33 4 39 40 15
35 -14 -20 -37 33
-34 -15 15 33 17
-36 -43 23 20 47
35 1 -34 -26 -24
15 3 29 33 41
-42 15 -40 48 -30
-9 -2 -28 21 12
-46 4 13 -14 -14
-20 -34 -41 -48 36
-45 3 -14 38 27
-21 3 47 24 -49
3 33 -18 -20 -4
2 21 44 -9 -8
-29 -5 12 35 31
48 31 47 23 33
33 -6 -49 35 -18
-5 30 35 -9 4
2 10 -48 34 40
-2 -49 11 -43 -8
19 46 4 -20 -4
-50 44 -24 14 -18
25 -4 26 -8 47
-43 37 -7 8 44
47 -41 4 49 9
-7 -38 11 20 -31
19 -46 -36 -28 -50
-24 -27 10 2 3
42 43 15 18 -15
11 25 38 20 -17
32 16 -42 -15 -20
18 -6 -42 45 31
-22 13 35 -42 2
36 -15 -9 -39 3
44 -47 -38 8 21
-37 35 -39 -50 5
-6 32 37 -31 33
34 37 -23 42 31
-43 36 -41 8 11
-23 -41 12 18 -29
31 11 -26 43 35
11 22 20 22 23
41 -34 -30 27 -15
-47 -24 38 47 -32
-16 -47 20 -41 -23
-20 -13 -13 42 -46
-26 23 -18 -2 -19
33 -42 -47 2 30
-8 -42 12 12 2
13 15 28 -34 -23
12 0 -20 -18 -24
-26 12 13 -23 -30
17 1 9 15 15
40 -2 23 43 16
-32 -50 25 -3 13
-24 26 44 -47 9
-29 16 25 -33 14
-50 -9 -25 13 18
-39 47 35 20 11
-1 10 -42 38 -32
-9 -44 -31 -35 -31
-2 -9 11 -9 -40
-31 12 -8 45 -4
-45 45 3 48 8
-29 -42 -30 -45 29
31 -29 -46 6 -42
39 47 31 24 -39
50 -29 -32 11 -21
45 -4 7 -13 -10
-48 -8 -49 6 -45
9 -7 -36 29 -36
9 -25 -15 -21 31
-6 34 -7 -26 8
-30 41 -5 -12 -33
24 50 13 -19 -14
-47 -17 -6 21 5
0 46 48 -20 -10
-38 5 15 -37 0
-38 7 -17 5 -2
41 -8 -12 -14 -4
5 26 -5 -33 -44
31 37 -44 -25 7
11 -9 2 -25 -13
42 -47 42 -27 -34
-43 -15 24 -10 6
-29 48 48 9 50
-6 30 25 39 47
32 -14 0 4 -23
-44 -36 18 -25 -45
-46 33 -42 12 -45
-25 19 -10 15 25
13 2 22 10 -40
21 20 6 -38 9
2 44 45 18 -37
-29 -9 44 5 16
50 -25 -2 -43 3
4 49 38 10 13
12 -28 -36 -16 -1
41 21 -32 -4 33
27 15 -8 -13 -18
5 -26 -11 -35 -5
-46 -36 -14 -31 -29
39 -11 37 26 49
-1 -46 38 14 -46
-14 4 25 -30 17
-26 14 -19 -18 -50
-21 4 42 19 19
-14 -11 33 -11 8
20 -23 13 6 20
-22 -45 24 -35 -15
28 -33 5 -32 -13
38 -42 -50 35 -9
18 -36 45 9 -1
13 11 4 -39 16
29 31 44 -9 -47
-21 19 25 19 0
-41 -4 -17 -20 -20
21 -32 -11 -13 -48
30 -46 33 -10 -21
48 -48 7 2 -37
-28 -20 10 32 21
-21 -40 -44 -47 29
-28 29 41 6 26
-29 -24 44 -24 13
12 22 -16 -5 -39
-21 -8 -37 36 44
43 25 40 -32 6
-23 -2 -17 -17 -33
28 5 13 19 -40
-12 6 -48 -19 -2
-18 43 -31 -18 -47
-20 11 -4 -7 -37
-45 -49 38 46 36
-41 39 50 -8 -29
-33 -30 -8 30 5
-31 -33 -40 38 -36
8 -31 -44 27 -33
27 23 29 -28 -35
8 44 33 -5 5
18 -30 -7 18 13
-20 1 -1 -11 47
-47 8 -37 30 -5
-23 -47 -19 50 30
-2 26 2 43 14
-17 0 -26 32 11
-5 -35 32 39 -1
-40 35 50 9 -27
46 -22 31 25 -43
43 18 -40 40 -16
6 -47 26 24 47
-44 23 -38 -20 -30
-10 25 -15 38 -21
35 14 -36 0 -28
-13 -38 -34 35 37
-27 27 -29 50 16
5 -29 -15 -20 45
-19 -48 -17 -40 -18
3 -34 24 4 20
19 -12 -17 33 5
5 37 17 21 21
-31 10 -37 -10 -25
-5 11 -4 30 8
-44 28 10 -11 38
43 8 20 -18 -39
-11 -50 -34 22 0
21 43 -14 -13 -21
-44 6 5 -31 13
30 14 -27 -25 -7
31 48 37 -9 -48
-10 50 10 -41 -19
-13 -36 48 3 36
-3 40 -6 33 -24
23 5 -1 -23 -10
-39 23 20 -50 14
-37 32 11 16 39
-21 -44 38 39 -35
35 43 -20 32 -39
32 46 -49 -24 28
-23 15 50 -8 43
-11 3 -19 -41 4
46 39 -49 -28 4
40 2 10 -7 -44
-8 -23 49 22 25
-40 -31 20 -39 -5
-36 -46 -40 -37 -3
19 2 16 50 -23
36 11 -35 3 34
-14 -8 -15 46 35
-9 -13 28 -10 25
3 -34 45 -28 44
-45 -14 48 -35 -35
-40 0 -16 27 -34
11 -22 27 -7 32
10 29 40 45 24
-9 -48 28 -32 -42
-32 21 -26 -38 10
-33 35 12 31 16
28 42 -34 -39 -16
-18 -12 -22 25 31
-41 -49 9 16 12
50 -44 14 -7 -26
22 11 12 12 -10
-29 29 -26 -1 -24
40 -24 34 22 -47
34 20 -42 -39 -5
39 38 -4 -36 3
24 30 9 -12 39
33 -41 -35 -40 -12
5 -19 33 -5 31
-42 -49 23 42 23
-7 25 -41 1 3
4 -45 -10 16 36
9 -11 -19 -33 -7
-31 16 -31 -49 27
7 -28 24 -11 18
-30 -36 -15 10 -45
-43 -48 -3 -34 -31
16 -14 41 -45 18
-7 -20 24 -10 -3
33 -24 29 -49 -23
-29 -26 -1 46 14
33 32 28 -33 -9
-1 42 -41 12 24
-22 -23 27 36 49
-6 45 -22 34 -16
-9 -17 10 -30 -16
37 -9 9 -14 -48
39 35 35 -18 -48
-25 -3 44 -15 -41
17 -21 -48 -7 31
-49 4 25 46 -47
-41 -13 -14 -15 -27
-13 -28 -20 12 -26
-17 0 -42 34 -2
27 -42 45 20 -41
20 -13 -45 23 -4
36 24 50 -23 -15
20 -48 22 -45 -13
45 -8 -25 -25 -47
-1 -26 -31 -26 -43
17 -50 32 -22 21
42 48 24 13 20
36 -36 -41 2 -9
-5 -29 -7 33 43
-3 -6 -15 22 -15
-46 38 9 41 -39
-18 7 -39 -37 1
-2 21 -1 38 -17
35 -10 -2 11 42
5 -45 29 15 4
21 -39 48 22 33
-18 -7 20 7 -17
-3 39 6 -25 19
-43 23 -11 6 -23
-11 -44 17 3 17
-26 24 -12 -48 -12
43 23 -1 6 -39
49 39 4 -16 -39
37 -2 17 -8 23
-15 -1 -39 -10 21
-46 -5 28 21 48
-40 45 -12 -1 13
26 -9 -14 42 47
-3 6 1 -50 6
13 3 -47 -21 45
26 -20 -6 4 20
31 8 32 8 46
-5 19 6 33 34
-31 9 -26 -29 -34
37 -16 22 -46 -50
-23 -17 3 -19 -22
-3 23 8 7 -24
44 -12 35 25 12
30 37 47 -15 19
30 -30 -23 -47 -9
-7 7 25 31 -23
25 -42 10 -23 -45
38 -9 28 -39 48
21 21 -49 5 -38
14 -50 49 10 -49
17 -10 -28 11 -41
13 20 -18 -46 1
9 29 -25 -32 23
-20 22 -37 -43 -1
27 28 37 29 49
49 -8 15 13 18
17 46 -43 5 6
34 34 43 -35 38
-7 25 -17 -16 9
22 14 48 35 -13
-38 -23 32 49 -45
30 13 -37 -39 42
-2 -6 38 5 49
-41 -46 -2 -49 -30
-48 -40 11 -49 -6
36 23 24 33 -27
-39 12 0 43 -24
-28 -12 40 -49 -35
-3 -1 9 -16 21
-27 -6 25 -12 -39
11 -10 -28 -29 -9
-18 -43 -37 -44 6
-14 34 -33 2 26
-6 24 30 50 -8
46 -4 41 -30 31
-23 -40 41 -48 -2
-49 -21 38 40 1
45 -28 8 -43 45
-37 -41 28 -19 11
-31 -9 -49 15 -10
-7 -24 36 50 -3
-18 44 -27 -28 12
21 41 41 8 30
-9 -32 18 15 -25
12 29 -50 -45 26
-23 -26 33 -22 6
-28 -13 32 24 -47
45 -44 47 -33 45
-26 4 35 -36 28
-19 6 46 49 -30
37 -23 15 37 -18
-44 -36 -27 39 -42
-5 27 -38 -24 1
32 38 -27 -6 21
-33 18 -25 19 32
-48 50 -47 49 14
41 35 41 -29 -12
40 -22 2 29 33
-24 -27 10 -12 -1
-40 36 -48 -17 -21
24 -34 47 15 1
-5 17 -34 -2 -19
31 -46 -34 -13 -24
-30 43 -30 -12 21
-48 14 44 12 19
-41 22 4 -39 21
34 1 4 30 -35
-46 -26 33 38 -11
30 18 -7 12 21
-15 32 14 5 -31
-50 8 34 45 -31
-32 -47 8 22 31
45 5 -18 -36 -49
-3 -31 42 46 -44
-20 26 -10 -10 -13
27 25 -31 -44 -20
-12 -43 4 38 18
23 -45 21 47 28
1 8 49 -1 22
16 47 7 8 8
13 4 -17 19 10
-13 -38 -49 6 -32
-19 10 42 1 -36
9 40 -31 -21 37
13 -3 -40 -22 46
32 44 8 -11 -33
-34 18 -12 -35 -47
14 2 -35 15 24
50 12 -50 42 -38
-36 0 -48 -17 -4
5 13 9 15 41
-30 -4 0 29 1
-16 11 -31 22 26
39 -15 45 -47 17
18 19 -22 18 10
-9 32 27 -7 32
-28 48 -6 -3 -22
-50 17 24 0 -39
42 34 22 27 -29
-36 15 -27 -42 -16
40 -8 -48 34 -40
13 -26 8 -45 -17
-45 44 47 -35 -10
-26 -35 -44 15 -18
-32 6 32 6 -18
20 20 47 43 28
-20 -2 37 49 -19
47 -23 -28 -30 -18
5 43 -25 2 -43
-19 -8 40 -46 -44
38 39 12 -15 -6
10 -46 31 6 13
-26 2 -40 -40 -33
-42 23 -6 -20 44
27 1 36 18 19
9 16 -39 -2 20
34 -49 8 -38 -13
18 22 -9 -2 45
21 23 -38 -3 33
-21 5 6 24 1
-35 -34 -48 17 0
21 42 -35 32 -44
1 16 -43 25 -6
-6 -7 -35 2 7
-41 -28 46 39 -15
29 -33 41 -50 7
-43 32 23 -41 -36
40 31 -45 -46 -22
-39 -28 10 -31 47
-47 -21 -45 36 31
13 11 19 8 -1
21 -48 17 -23 19
40 -16 0 -21 -6
14 -32 41 -14 39
35 -3 -40 -5 -18
-43 -36 12 -38 50
-42 -9 11 -6 50
-41 -36 18 -8 -9
-13 49 25 37 -23
35 -33 -5 25 3
-17 -24 16 -40 21
49 34 35 10 12
1 18 -47 -39 -39
19 37 42 -14 46
-18 -11 44 24 43
37 8 -41 -19 50
-22 -20 -25 44 -44
12 42 40 -38 -33
2 -21 36 5 -10
13 40 44 -29 42
5 3 -19 -36 43
-27 -50 -33 49 48
-34 -24 -23 -43 36
-16 -15 28 40 -37
45 -9 -7 -4 12
-1 26 1 -8 47
-41 13 -35 -10 27
-42 13 -7 -25 11
-10 -43 3 18 31
-12 18 32 32 7
45 -7 15 -13 5
43 37 -20 -40 45
43 -31 8 25 9
-50 33 38 -6 24
-36 0 -3 17 -33
44 21 1 25 3
25 19 46 -45 23
-34 48 9 -37 -43
-31 -45 43 -7 30
-33 -6 -22 -46 4
18 -32 -47 -36 1
38 -43 -28 -46 -2
-9 -5 -33 -48 0
40 -32 -36 -36 -19
38 -17 -47 31 27
-1 48 37 -6 -48
-44 -39 37 26 43
-46 13 16 -24 -16
-36 -17 29 48 -15
-21 3 -31 -7 17
1 -20 16 -30 27
-42 19 25 11 29
-7 -17 41 46 -41
-1 50 -12 -36 -25
22 -22 8 1 42
9 -4 -6 29 5
27 46 1 -41 -35
-22 -33 0 19 -5
-21 -39 28 36 -44
3 -16 23 42 -2
48 -21 -7 -28 -4
-16 -3 42 29 -25
-38 5 37 14 14
18 8 -2 -32 43
9 -37 20 -48 49
26 6 -18 -36 -37
-4 -38 -8 39 -50
39 -27 -37 -4 -49
-45 9 -28 42 39
3 10 -38 17 -6
-46 42 7 24 44
5 -35 -35 3 -20
-22 49 -42 21 38
25 9 27 38 -46
-6 43 -21 16 1
-33 35 -40 46 -33
4 50 -42 27 23
-48 -19 39 -33 0
35 -4 -2 43 33
-15 17 -43 -39 4
28 -29 -37 -43 38
14 41 -12 24 37
6 44 36 14 20
-25 -18 17 30 0
-34 14 12 -20 6
-40 -18 39 -33 -41
-42 45 -19 -29 18
-32 35 9 -28 -26
-39 28 34 47 -8
-31 38 -10 36 17
40 18 -20 -33 49
2 -23 -20 -10 -6
-45 -1 -45 -14 20
23 -30 -29 -19 -7
-39 -8 -30 46 -45
-22 -36 43 19 17
-24 -26 -16 6 -42
49 25 -15 45 -36
-4 -50 -21 1 -14
16 -27 7 37 -29
50 48 -21 36 9
-50 31 24 10 -35
-10 36 -11 -10 -43
-3 -45 32 -1 50
13 45 16 42 -39
-48 7 -50 -25 -41
-29 41 24 -33 26
-18 -33 -28 22 -7
-13 28 -22 27 -32
-14 40 40 34 -12
39 -4 49 -29 -46
-41 40 -23 -40 -36
-47 48 -46 27 -36
-4 25 49 -15 -3
-9 22 -26 20 -2
-42 22 -46 48 5
-8 3 18 -43 24
22 -34 13 49 -24
-7 -49 -26 -37 -6
-46 -25 -31 -48 10
-18 -40 -18 -28 30
-4 48 -33 0 45
-12 9 -37 -45 16
37 27 -2 -35 -8
-9 8 -41 -19 21
4 -15 47 -11 -46
6 -13 -36 38 9
10 -50 6 27 0
-33 31 25 -20 37
-44 34 -21 5 49
-13 46 7 -3 -24
44 17 -23 6 -45
48 -38 -42 -39 16
17 -13 16 40 30
33 -44 11 -27 -48
-3 -20 36 -8 1
1 30 -4 24 -24
-12 17 9 -19 -27
14 -21 -49 -12 -44
-17 -46 -6 50 10
40 -2 -18 0 21
-49 13 17 37 -45
-33 -47 1 -21 27
27 -17 -40 -15 15
50 15 10 -50 -48
-18 -17 23 -8 49
50 -18 -38 -19 -2
34 49 -39 0 36
33 -16 5 -17 13
-18 26 47 -42 27
-23 -43 -43 3 24
26 35 23 -36 -23
22 -37 9 0 -39
23 -17 -41 34 0
11 -18 34 -34 -19
-38 -36 -44 -42 39
-1 -49 46 6 4
-15 -19 -11 -43 -4
-18 -5 9 7 46
-14 -21 45 -4 30
-40 23 -39 44 39
-41 23 19 -35 -3
7 -19 -1 -32 37
19 3 -32 24 -23
-20 -45 -12 5 -22
-17 42 8 45 -47
-13 -46 26 -36 15
-19 -27 -13 16 -45
0 -27 -14 49 -9
-28 18 11 -44 -43
38 -48 -37 42 8
-9 42 -35 15 36
-32 -49 6 10 33
37 7 -45 40 -27
-40 -10 -38 -38 -12
-31 -15 22 30 -43
30 -17 -40 9 -25
-16 16 -34 -1 -19
18 -17 49 -27 9
-3 -40 -34 3 50
-45 -21 -11 -33 -8
-6 -48 -7 32 -1
-34 -23 32 43 36
23 -24 -32 5 25
-1 39 -43 -37 29
-17 11 5 -35 30
-30 -30 25 10 -47
33 20 -45 42 -33
4 -42 -5 -48 -50
-20 -9 -23 -36 13
18 -21 1 -8 -7
46 25 20 0 40
-1 21 -41 40 47
29 23 16 0 14
33 -46 22 -23 23
-11 -26 30 -18 -46
-8 50 -16 10 -9
-7 5 32 -38 -45
21 -23 -8 -4 -34
-12 -26 39 -47 -9
-31 2 -39 7 -4
34 46 -14 -21 -23
-10 22 44 -10 48
-50 33 -32 33 45
40 3 38 -19 16
21 19 6 9 -12
47 -6 7 -43 -49
-48 7 47 -46 37
41 -40 -26 34 1
-29 34 -17 -11 16
45 46 36 32 -24
1 2 46 23 28
-17 20 -29 40 27
39 8 -50 36 -22
37 -8 -11 -40 -25
6 48 25 39 -48
-43 -1 48 9 48
-26 26 -35 36 -2
9 -32 -33 31 25
11 19 49 11 -30
-23 -37 12 -18 40
3 38 37 45 -8
39 -49 8 3 10
5 -7 -49 20 -22
-1 -21 -38 -17 26
3 10 -40 2 37
48 -5 50 -25 -7
39 29 47 -9 23
-46 46 -10 12 -2
16 -34 41 17 3
35 32 -2 48 -36
40 0 24 16 18
-24 13 -38 -25 39
5 30 -17 -33 -30
22 -28 33 -39 34
-20 27 17 38 -41
36 22 41 -17 -15
22 39 36 -39 4
3 -12 -33 -18 -21
22 3 26 21 21
12 -8 43 -6 -31
26 -9 12 -8 -22
21 -23 16 -23 -24
-49 49 -36 37 -40
-15 -45 -36 2 -13
-7 40 41 -32 10
-23 31 18 -31 -26
37 45 -19 -2 -47
9 -32 47 42 -39
40 43 -40 20 -5
-30 -46 -34 -16 -28
4 -7 -39 -40 12
-13 -13 -42 -46 -28
49 7 33 -20 -46
36 5 39 -1 -4
-50 -12 -12 27 24
-1 47 29 16 47
-50 36 -45 29 12
-17 -35 15 -9 37
37 -44 -41 -15 -48
-36 -29 7 19 -14
-47 -15 -10 -43 -39
-37 -27 24 42 5
-14 43 -10 -8 -13
18 25 -32 -18 33
21 35 39 31 -31
41 11 -44 -37 -21
-42 -34 15 -2 41
26 12 30 -34 -31
-16 2 28 24 44
-36 -43 19 -17 -45
-33 -47 6 -45 34
-9 12 -6 -2 25
-10 6 8 21 21
-36 -38 49 44 -22
-33 -23 31 46 17
24 26 24 -42 25
-5 -25 29 -50 47
-22 -9 8 -11 5
50 -5 -39 -27 -35
-2 -13 -23 -4 47
6 13 40 -14 -26
6 26 -50 46 35
-9 -10 -41 -31 -44
-44 -36 -3 -20 -31
-48 46 14 30 -32
-5 -23 -29 22 -11
-33 44 -49 -44 46
43 -22 22 9 40
6 50 46 -19 36
-49 -47 16 -35 -50
35 -33 46 -36 13
31 9 40 -49 47
-22 -31 7 46 42
2 4 37 -27 -38
26 -5 29 22 -7
14 -11 -4 -21 4
-38 30 -13 -42 10
50 39 35 5 6
-3 -1 25 -47 -5
-17 6 49 -31 -5
28 11 41 6 49
-17 36 -46 -5 31
8 8 10 46 -18
-31 11 37 20 -34
-8 -34 15 34 -30
26 33 -8 -9 18
37 -32 -22 27 -10
44 26 -25 48 38
-45 -29 -39 -19 -34
-7 -34 -6 -21 36
10 -13 -49 -26 -30
38 17 19 -21 -43
-14 -34 -25 15 9
15 -26 -49 6 -29
39 11 -8 50 8
-25 -42 24 19 -47
-25 45 -10 -24 35
-23 31 1 46 -41
8 -18 -25 -1 13
1 30 37 2 -15
24 -10 12 32 -45
-31 23 -37 9 -43
-34 34 -49 6 27
3 -1 7 -47 -5
16 -22 -7 8 27
22 -42 7 8 10
42 48 16 -30 29
21 -11 2 34 15
9 50 -2 -23 -29
41 30 21 -3 33
32 30 -40 -26 -13
4 12 -5 -40 36
21 18 33 -14 38
-23 -44 44 29 6
8 -46 5 22 48
-8 13 27 -38 -41
-25 10 39 -48 0
42 6 -39 -48 -18
47 23 50 29 25
38 23 -3 -3 -33
-48 -46 -29 -27 -8
-32 16 -46 11 -6
31 37 21 -15 39
-30 -23 -40 -18 46
-8 45 19 -9 -10
-41 45 -38 -27 -9
-21 -25 -39 -33 -35
4 -49 -3 -26 13
7 -46 -1 -23 -10
-47 -2 -17 -37 -4
45 5 -10 -21 46
-4 -11 7 8 12
48 4 3 26 21
18 -21 22 31 3
-16 -12 -26 -1 15
-20 2 29 -21 -19
-26 -27 36 -19 3
-2 27 42 -46 -49
-31 18 5 22 -41
42 -44 -12 13 37
8 14 -26 32 29
6 28 48 -16 -44
-22 -25 -21 31 -28
32 -22 15 -11 49
16 8 -18 37 47
-8 28 -48 -4 -43
5 -47 21 -4 1
-1 -49 -22 -4 -49
-16 -9 -24 -20 -29
-2 -39 -1 30 -33
-37 -5 25 -39 49
-13 3 26 -11 16
33 45 -15 -31 -10
37 19 -43 31 31
-42 32 -29 -15 -39
-8 -1 39 7 45
-45 -14 -10 -3 -36
-12 34 -17 30 -27
49 -21 34 -16 -2
40 37 -34 47 17
14 21 -2 1 22
9 10 38 -2 33
32 3 36 -29 16
50 -25 0 -18 22
-11 -19 -50 -28 15
-2 28 1 -19 -10
34 11 -40 -18 -39
33 7 21 20 -46
-30 1 -26 -45 -11
40 -46 -20 -45 -14
-49 -6 -17 18 16
14 -34 -41 31 -37
-1 15 24 10 47
1 -8 -31 39 -39
-26 -42 -22 -36 -37
17 20 34 14 26
36 15 -31 -31 50
2 33 -35 11 14
45 -40 45 -16 20
7 35 28 26 23
5 16 -3 33 30
10 -34 -34 -41 30
42 46 -40 27 -36
-41 -22 13 41 6
43 35 -18 37 -32
18 -7 20 -5 -31
-8 16 35 6 -2
-19 32 -20 -3 42
-41 -46 37 37 31
17 46 26 -21 37
-19 39 -13 13 25
-28 47 35 42 -9
20 50 23 -30 5
-30 1 -13 -33 14
-22 43 18 31 29
-35 -3 25 41 -8
-23 38 -20 14 -34
22 2 -38 6 -7
-31 -25 -7 42 -5
14 28 13 -50 45
-24 45 4 11 25
-18 26 38 23 -18
-20 16 36 -24 47
-49 48 -2 30 -31
42 49 -40 -50 6
6 14 -17 35 15
45 27 9 -2 -47
-50 -4 -5 38 -31
27 34 1 12 -40
-3 -21 24 46 -42
44 3 23 -47 3
-22 -25 -34 12 26
-3 -28 3 23 20
-28 23 -35 18 10
-50 -40 -6 2 23
4 15 18 44 10
27 3 29 -35 -27
-19 -6 -2 -36 22
41 -23 44 -41 50
-21 -19 22 -6 49
-18 -39 -41 26 -21
-2 46 44 -35 5
-30 8 -42 49 -10
-19 47 34 -5 27
5 -15 -47 -36 -6
-47 -7 -8 25 37
-10 23 14 -35 -36
43 -21 26 3 -39
-19 23 19 -11 -13
-42 20 50 8 31
26 29 -34 30 43
-24 -1 -15 18 -27
39 25 13 -32 6
27 -39 36 3 -20
47 34 -48 -19 39
-45 -44 -26 -45 14
-46 -3 -7 37 -24
-49 -37 -9 -47 -3
15 42 38 44 -41
-6 20 37 -21 39
-34 -25 22 35 6
-24 7 12 0 12
43 5 -42 -49 -43
-49 -48 -30 -8 -45
-16 23 13 -29 16
-11 -19 -48 -25 10
41 -42 1 -21 9
24 5 -35 -49 -45
27 44 -24 2 45
-17 -31 14 -30 -23
-15 4 -50 49 -9
-18 -13 23 -16 -22
49 42 -48 0 -30
12 -27 25 27 -26
-4 -30 35 22 -12
-5 22 7 25 42
34 -40 -39 0 25
-32 33 28 41 33
22 6 24 25 22
10 -14 45 -49 29
35 -3 49 -15 -31
-14 -3 41 9 -29
-2 -7 -19 9 9
22 27 -43 -1 -16
41 -29 6 -20 46
-23 7 48 38 8
26 -12 -46 -9 24
40 -7 -30 -4 -48
-43 44 -39 -11 -32
20 27 12 28 -24
12 -16 -3 -33 -20
-42 -40 37 22 48
-6 -3 -49 -35 4
25 -46 48 11 -33
50 19 -40 -40 24
46 -4 0 -27 -27
-8 35 -27 5 18
4 -21 -6 -10 -50
-9 1 -36 -8 16
18 34 -14 -19 -40
3 -20 -5 -20 -44
35 -25 3 -49 -36
-8 -7 15 16 15
-18 36 44 -8 -25
45 33 -8 -42 41
24 -8 -10 -40 24
1 13 20 12 9
27 -3 0 46 -2
14 -47 7 -22 -15
-29 -24 -30 -35 18
-38 -41 -34 4 34
24 -22 42 -37 -46
15 -20 -17 -49 43
43 28 -45 -8 -11
3 23 -8 -41 -50
28 48 44 48 -38
11 26 38 -6 -20
-13 -33 -26 -22 47
-22 10 -23 11 -23
36 3 -46 41 12
-41 -41 -16 -33 35
-50 11 32 44 -25
10 -29 -50 -37 15
-20 0 -2 4 -5
-6 -2 21 -13 -41
48 39 12 18 -5
-27 -7 4 -27 10
-45 -26 -29 37 -33
-38 -37 -46 -38 -24
19 -41 -7 33 -21
38 44 28 -26 -20
37 -29 36 -36 5
-20 -46 48 1 -23
7 6 -33 -6 -42
-15 6 -29 -11 19
-36 25 -6 7 -27
23 -40 -34 0 -16
-37 -48 5 49 -33
-41 45 -29 -44 -5
-36 -21 -50 -18 24
-41 -17 46 47 -12
-20 -40 29 24 -17
-48 -3 -7 35 13
27 48 16 48 12
33 23 7 20 -5
18 0 25 19 32
-36 -6 31 -41 -44
-31 -10 34 14 30
-34 16 -24 10 1
40 -14 -36 5 -16
-7 -47 23 50 23
-32 17 39 43 -49
-13 -44 -39 -33 32
35 -48 38 18 17
18 0 49 10 -41
-35 -1 -38 -20 20
-38 23 23 35 -12
-39 -48 21 17 45
-11 -47 17 -34 -30
-35 -50 40 19 -16
-28 -14 35 -30 13
44 -14 -39 22 -18
-2 34 21 37 19
25 15 -13 -39 -19
49 0 -16 -19 -17
-30 -4 50 26 -35
-16 48 -33 -32 -32
30 28 -30 8 -34
-32 22 50 5 8
-16 46 39 22 -44
36 -14 -27 36 17
6 -44 30 -29 -2
11 5 -4 28 -11
-20 -26 34 0 -2
50 -16 -31 15 39
-7 50 34 -18 -13
6 -33 23 29 -47
-45 -50 26 35 -28
-27 -5 -7 -15 -27
33 15 -37 -18 -36
11 -19 -36 -4 46
-48 39 11 2 37
14 -42 -46 -48 3
24 -42 4 -35 43
-8 -12 -46 35 -10
44 17 -46 -44 49
36 -17 46 50 29
8 19 -17 35 -30
-30 -1 45 41 -33
-36 14 -25 18 29
35 26 33 39 10
-28 32 44 -23 4
8 29 37 4 28
-19 28 -38 14 12
50 34 -40 44 24
-22 -43 -13 -31 -9
32 20 -34 -19 8
-7 -31 -45 -14 -38
9 44 41 -39 -37
19 -8 41 31 -44
3 30 40 -21 -10
-20 -27 -37 -17 -41
-29 -35 29 -47 -38
-13 -4 -19 -42 -2
-6 -16 -8 -16 -5
-29 19 4 -38 -34
10 15 46 -35 10
-49 -5 34 32 -5
43 -48 10 21 -45
-12 24 -32 19 -1
16 -38 33 24 -3
44 46 -35 -3 24
-19 -44 -46 44 39
14 11 50 -37 -8
-6 22 -6 20 -41
-34 -43 33 -16 27
48 16 5 30 -10
-49 24 -49 34 -30
-9 31 44 -5 -10
-2 -42 -49 -3 39
-7 8 10 4 -23
19 -14 -49 -32 20
-6 -35 -49 49 46
-43 -50 -15 25 0
-29 -35 -20 -36 10
-13 12 -15 -12 26
-27 -3 -17 -1 17
10 -32 -48 -23 -48
-12 21 -33 -44 20
29 -37 -14 30 39
36 -49 -47 32 -35
-20 -32 -6 -19 -28
-31 4 -14 2 19
19 28 3 22 -45
5 26 -8 23 32
-39 -33 12 -3 48
0 49 49 -31 31
30 -35 15 -27 -4
4 -42 16 6 10
-15 -26 -46 38 12
26 -7 -12 -33 32
36 -21 15 -3 -8
12 13 -9 -24 -1
38 -44 14 -32 46
-40 22 -46 -8 44
14 27 -32 -16 -19
30 -41 -10 34 -23
-29 20 -28 36 33
14 -36 -4 -46 -10
11 42 -4 -26 -40
-8 -50 -2 -38 -41
-8 26 36 -24 27
33 -45 36 -28 6
29 -7 42 -50 46
-10 15 26 2 -15
-35 -38 44 -22 -47
-47 -14 -47 -33 -2
29 -25 40 15 1
16 -3 -27 -32 -14
29 47 29 -14 48
-10 26 -22 -35 -22
13 48 -10 6 -25
-7 -25 -23 -37 -41
25 42 -16 -20 -28
36 47 -14 25 31
22 -31 27 -34 5
-10 -27 47 18 -46
-26 -19 -49 -19 3
43 -10 29 -31 -31
38 10 28 38 41
16 -11 3 -49 -37
-17 -11 -18 26 -28
3 -34 -39 -34 34
-35 -10 31 -33 -13
-16 26 -6 29 46
13 -18 -29 -44 36
-39 23 -25 -20 -10
-46 -21 -4 -47 -45
18 6 -29 29 22
21 10 29 -32 27
32 2 3 -25 47
-36 5 45 -15 11
30 -37 -17 -46 -41
24 -41 -11 -31 -38
-40 3 -16 48 48
23 18 7 -33 2
-50 49 -47 -31 -26
16 50 29 10 -16
-11 -10 -37 -11 -6
-27 29 -31 -22 14
48 -12 -34 -18 -15
30 21 19 -14 38
-29 -48 36 41 -29
26 7 37 -30 33
-29 -24 -28 -50 15
-17 40 -41 -32 -33
23 -34 5 5 -36
6 -16 35 42 -14
-12 29 -45 40 -15
43 16 8 30 36
-9 17 28 -21 17
-42 12 7 -33 -3
24 40 13 46 -6
-7 -33 -6 -23 25
-3 15 3 2 4
5 -40 36 -38 40
-12 3 6 -35 -1
-27 -26 27 -4 -9
-27 -31 48 36 31
-43 45 15 -32 -29
-11 -19 2 9 -1
23 -37 9 -26 -25
-1 12 -5 -46 -6
10 44 -16 -14 -11
-9 10 -25 -46 -39
22 -38 -44 -14 47
44 26 -23 -38 -16
26 35 -37 -16 25
-46 33 -47 -1 4
-3 -42 -3 -3 -39
3 38 21 -6 9
-2 -35 21 4 2
17 -36 -23 44 -24
-23 19 27 -44 19
1 -40 2 4 -24
22 17 -50 35 30
-39 -13 -16 -2 31
43 47 47 -21 -34
-36 46 -20 -43 5
6 -16 40 49 -44
8 0 -34 26 20
-42 -3 -47 -41 -18
-1 37 19 33 -15
-34 25 48 29 -47
-37 43 15 -6 50
36 16 50 25 15
-45 -17 31 38 25
-34 47 -28 36 22
4 -15 8 39 -33
9 21 9 6 -1
-22 20 -9 10 30
-10 -5 -39 -45 -30
-8 -40 -31 -28 49
44 -45 11 32 41
-18 -49 -25 40 7
-41 -1 -23 -16 21
-7 12 -10 0 -29
36 41 -17 48 12
3 -11 23 -12 -22
-13 48 -17 48 30
40 -21 -3 32 35
-47 7 50 48 41
21 -10 -32 27 40
-44 13 -4 -11 -24
-42 8 -19 -3 46
9 34 9 8 -3
-12 -2 26 2 46
-24 5 2 -24 2
-8 13 8 -24 -45
-2 -18 18 10 -13
10 18 45 42 -36
6 -34 14 -35 25
-40 -31 39 2 21
34 29 -24 -49 21
-6 -7 50 -48 -15
-46 -34 18 -11 26
-46 49 -40 50 6
41 -29 23 5 -14
-37 -19 6 -49 34
43 1 -22 35 2
15 -21 11 14 48
46 18 -37 -21 23
5 -16 -12 15 50
44 6 37 -18 27
-27 -5 -43 -5 -38
41 -13 -21 35 -28
-3 -1 -33 24 -38
-36 20 -3 44 15
36 -2 49 -27 -37
14 34 -15 1 -35
-39 -10 -23 -32 1
-45 26 38 -49 -24
26 -2 26 9 -28
4 23 8 17 -18
-28 3 31 38 26
10 -33 -25 45 -16
-43 -45 -10 -16 40
41 -45 -19 -5 -44
8 -30 -29 -17 30
-41 3 -32 17 -30
1 5 23 -19 -8
-36 7 -24 -10 1
10 -37 -28 -50 -3
28 41 -32 -41 -49
42 -17 -28 29 -18
18 38 35 36 -30
21 -48 25 -7 50
34 -26 6 -41 -20
-44 -15 -7 45 -49
6 23 9 -10 -2
10 -19 31 32 -41
-38 -35 47 13 -49
33 -16 20 8 -7
20 -9 17 -25 -34
13 49 -33 -45 43
-31 -23 -19 28 18
29 -13 49 9 36
25 -13 -50 -13 17
18 -30 -50 -12 28
-7 -43 35 27 49
17 -11 47 34 -39
40 -48 -12 -30 -4
-45 50 0 21 -26
-15 -5 -22 -49 32
45 -14 18 11 -10
-39 20 -3 12 -4
-39 -22 2 -42 29
13 48 31 17 34
44 -11 -1 -7 -41
-10 28 -30 18 -5
18 -22 31 -14 39
-30 -3 8 -17 -41
21 -5 -13 -28 3
32 1 -34 -21 34
50 -28 -28 -35 15
48 5 -42 -33 -28
-31 36 -34 -50 -29
-46 37 -16 -22 -30
-7 49 -19 -3 37
0 -22 -47 16 7
38 -19 -5 26 -4
-41 24 -50 34 41
39 -47 -8 -46 -47
13 -42 6 48 -47
26 -44 -49 23 3
5 -28 -2 8 4
21 -39 36 -34 38
48 42 11 49 26
-33 3 29 10 8
-2 39 -18 -47 2
-15 -4 9 -47 -32
28 -26 -43 42 -2
11 13 10 -38 29
-3 -40 20 24 25
-39 41 -23 40 -34
1 -47 -45 34 24
7 35 -31 -35 4
-47 10 -6 -40 1
43 -12 -37 2 0
8 15 10 -22 -12
-16 -11 45 -22 46
-39 29 49 -34 -22
-12 23 30 7 5
50 -23 -36 -6 -47
15 -14 -9 29 4
42 -48 -32 -33 -20
6 -32 -14 0 -4
48 -23 -26 12 -7
-31 -50 33 49 -27
-13 48 0 1 -9
-30 32 -7 11 -24
47 -32 -21 -36 -48
-25 -14 -30 11 3
16 -26 30 6 37
40 -9 37 22 -11
-41 -42 -47 -24 -25
-6 -4 23 4 23
50 0 8 45 -19
10 -31 17 30 -3
36 -39 21 -18 -17
-27 -29 25 -41 43
30 36 17 33 -39
8 44 -27 -20 -3
46 46 13 -31 6
44 29 -8 -23 -26
39 -38 -49 -25 -6
-15 -1 15 26 8
-27 -29 -41 40 -46
37 -37 14 -41 -40
27 22 22 -11 41
-22 -17 20 20 10
10 -26 22 12 -1
33 13 14 -3 -46
39 -13 -25 48 -24
46 35 -44 -25 44
-34 -49 -19 4 -9
-28 -2 24 8 -33
50 -33 -43 21 -5
7 -31 24 -30 17
28 25 -47 20 23
46 15 7 18 7
-34 0 8 -36 -46
49 -14 2 -12 10
-14 -13 -7 -7 25
39 16 44 12 3
10 -44 -23 -21 26
50 42 -44 -28 9
13 -45 -41 -29 -31
-37 36 -29 -19 -26
-3 17 11 40 -40
-15 -6 -8 -21 23
45 5 29 -28 1
4 38 -8 -24 -40
-50 6 32 -41 27
17 39 -22 38 -30
2 -16 3 30 40
-21 -36 -16 22 -41
-44 16 15 35 4
32 -46 -8 -27 47
-32 -27 2 50 50
45 16 4 -27 -31
-10 25 -31 10 -30
-42 39 -15 -8 10
-40 -2 43 -9 49
-4 -28 19 4 -5
16 -12 -15 -33 -13
-50 -38 19 4 -15
4 11 26 23 -30
47 -2 -42 48 40
-15 -43 -46 44 -35
19 -45 -13 -12 10
33 -47 48 34 -30
-49 34 49 -14 -47
50 7 14 26 46
0 -12 -7 -25 -15
50 10 -42 20 3
-27 -12 8 -23 -8
34 26 -39 -2 9
49 -35 -42 47 1
-39 47 -43 -8 -12
20 8 26 -38 33
27 -39 -8 1 -3
11 25 36 36 18
44 19 -7 -45 -34
-49 -47 -19 -41 50
-1 37 12 -28 45
50 42 3 -9 21
-15 -33 -2 -6 19
46 -46 -41 -3 6
27 -10 -25 36 -5
-43 37 -2 -45 12
-36 -30 -2 26 -42
-7 26 17 12 -34
-13 47 -50 35 -44
-15 30 28 -40 -24
-17 3 -17 -26 -12
28 -18 -26 43 -47
2 -44 40 50 -2
48 -42 40 14 20
-44 17 -17 23 2
-11 -43 48 -34 34
41 -34 -14 -27 -10
24 17 -12 14 9
-9 -35 -19 47 31
30 11 6 -15 -26
-25 -9 42 -26 30
-41 -20 3 -44 -38
-14 47 -22 22 36
19 -39 3 -44 25
28 -36 6 26 -40
-13 5 -13 43 6
12 34 48 -31 25
-7 -22 -46 47 -50
33 -18 48 -39 21
-1 30 32 -49 2
-27 30 16 -5 5
-7 -2 26 30 -10
-19 -43 41 45 43
-19 -12 -30 -49 -50
38 34 -18 1 45
-48 50 -10 35 -49
9 24 -3 41 -32
18 -17 17 -41 30
23 -44 3 -21 -49
-4 10 -45 -18 11
-45 36 -39 -47 -14
22 -44 -14 -38 7
-13 21 47 0 11
-36 -33 11 -3 43
-44 -30 49 -25 -35
16 -13 26 21 -14
-48 -8 -29 30 -38
8 2 -32 44 -20
-9 47 17 -47 -38
44 -33 46 4 -19
38 -24 1 36 -32
16 2 5 -43 39
41 27 48 29 6
-41 -14 24 44 46
-47 -16 42 20 -13
-47 14 -30 15 34
1 2 27 18 -13
45 -50 5 -35 -43
-40 -44 0 -43 35
23 -34 37 -4 -41
32 0 -41 -11 36
-38 -42 -1 -18 23
50 0 -26 26 -33
-23 20 -33 33 1
42 43 -27 -43 16
24 30 32 10 -24
7 -9 -8 16 30
-23 28 38 27 26
-24 -8 -25 0 -33
-41 28 3 -24 -24
-47 34 35 -23 42
0 -50 21 -19 -23
13 38 -16 -46 -31
-36 -18 47 18 25
22 45 -34 14 -40
50 23 38 2 15
30 -29 -1 14 -36
-44 -37 -35 27 -40
-42 -44 14 -8 -40
33 -28 -42 -5 41
-1 34 1 15 -3
-23 -20 36 32 32
0 11 20 15 42
34 21 21 15 -36
32 23 -30 -39 -35
47 11 -13 -45 22
44 4 5 -40 36
18 -12 -35 3 -31
14 20 30 -17 -16
-13 -34 22 -42 32
36 6 4 -45 -17
19 -49 44 23 23
16 16 -23 37 27
29 5 -36 44 24
50 7 -7 -5 40
-6 33 23 -35 41
4 -50 -4 24 22
29 -41 -11 -11 32
-38 21 -37 -45 7
40 34 -39 20 27
2 19 -50 45 -36
6 -12 13 -22 -31
3 -2 -31 15 39
7 -41 48 47 -36
-5 -42 35 8 30
-8 -36 13 -31 0
-45 21 36 22 16
16 -22 20 -22 6
40 31 21 25 -39
9 -18 37 6 -22
-49 17 -48 36 41
32 -23 21 -40 -3
-29 32 -33 -44 4
-1 -12 32 36 16
-47 25 -38 24 -35
-27 49 -3 -41 -30
25 -40 37 -7 13
-6 41 40 -36 -50
-48 -15 33 37 -43
-48 -49 -5 34 37
27 3 -23 39 44
-7 28 42 40 38
-38 -19 14 15 24
43 -42 15 -1 -27
-19 1 -26 30 -47
49 32 -45 -41 -19
42 37 35 -31 -9
28 12 -31 -15 -33
23 -37 -2 -48 29
39 46 3 -31 -6
-8 0 11 17 -20
15 -19 28 -14 -10
-41 44 43 10 -38
-16 -47 -10 3 -12
-26 42 2 22 44
47 10 39 -35 29
49 8 46 -24 41
42 41 -29 19 43
-23 -6 36 -30 -47
15 4 -44 21 23
-39 45 14 -21 17
-27 42 43 29 -44
-12 27 -20 -17 -48
-30 41 9 -43 9
1 -49 -47 -47 -29
23 18 -9 -4 -46
30 7 50 -41 36
-18 -18 -7 -26 -40
-1 -22 38 30 -23
6 16 -33 32 -10
27 -18 -9 -4 -49
-22 35 -15 19 -20
-10 -36 3 -11 -27
-46 21 5 -3 11
16 47 6 -31 -8
33 -9 24 -50 -28
30 27 -29 -30 39
-28 -36 23 8 33
20 48 13 -28 -48
36 -23 -11 -9 -10
16 23 -14 -29 42
-6 -46 -18 35 -46
-29 14 -3 -8 35
-49 14 15 -10 38
-2 -41 1 27 49
3 13 42 8 -47
-19 -26 26 -16 -39
-17 -6 -35 -19 -22
36 2 43 49 44
-7 50 -26 -43 -10
-39 -29 -35 13 49
-37 32 11 -46 -10
-20 -48 -20 22 -14
-9 21 30 -27 -49
-42 -42 -30 17 -43